101010100001011
1000101000001011
101010100001011
1010011010101010
1000011011001010
1000101010111010
1010101011011010
10001000011100
1010101100001011
1010101010101011
1010100000000
10000101001100
1010001110001011
1000101010001011
1010101000001011
100010100010010
1010101010011010
1000101100101011
1000101110101010
100001110001110
1010101010011011
100011100010011
10100101011010
10100100000100
1000101010101010
100010100101010
100101000111010
1000101111001011
1000101000001011
1011101010111011
100110100001011
101001100011010
100110110000010
1011101011001010
1010101000001010
1000101001011010
101001001001010
1000101100111011
1000101010101010
100001010011111
1000001010101010
10111001011100
1011101010111011
1000101100111010
1000101110001010
1000101110001011
1000111000001010
100010101010011
1000101000001010
1001101001001010
1001101000001011
101010101011010
1000101010001011
1010101011011010
1010111011011011
1000101010001010
10010111100010
100010101100010
100110100001010
1001101000101010
1000101010001010
100010100011011
100010101001010
1010101010001010
100010101001010
1010101000011011
10011000000011
1000101001001010
10001111000000
101001101010010000101
1000011010100100110001
10001100000100110100
100001001001100010100
1000001000000110100
1010111010110101110101
101010101010010
1000101101101010
1010100000001010
100001010011011
1000001100011011
1000101011001011
100010100000100
1000101000100011
1001101011001111
1010101010011011
1001101000010
100010010101010
100010110000100
100100111000
1000011010100100
1000001100100
100101000000100
100010110001010
1000101100101110
1001010110100101
1010110001001000
1001101000001010
101001001001011010100
101010100010011
1000101000101010
1010101110001010
101010000001011
100010010001010
100001010101011
1010101010001011
101010101000100
10101100101010
1010100000100
10011001010000001101010
10011001010100001101011
1001100101001101001010
10011001010101101101010
100110010101010110100
10011101010001011101010
1001100101001001101011
100010010101001110010
1001001010000001101011
10011101010000001101010
100011001001100110100
101000101010101011001010
101001001000000000101
10100101001010110101
1000111010000101100100
100001100100001110101
100101010010001101101
1010011010101011100101
101011101001010011000
1000011010000010110101
100001100111001100101
1010110010000000110101
101001010110001110101
1010011010000101100101
10000110000000100100
1001100100010110100
1010100010010001100101
1010010000001110000
10110110101000100110010
100101101010101001101011
1010010010101000001011
1000110010101001101010
1010110010010100110101
101001101011100011001010
10100110100110010000
10001001001100
10000110101010001010
1000010000011
101001010010010011
10100010001010
1000101000001010
10001000000011
100010101001010
101010010001010
100010100000011
1010101001001010
100000000101100
10000011101110
1001000100001001
101011001001011
10001010100000
10001000001110
1000010101000101010
1010101110011011
1010101010011010
1010111010000111010
1010101000101010
100011010100101010
10001010001001
10000110101000001011
10000010101010001010
10001010010000
10001010000010
100001100011010
100011000000000
1001101010001011
1000101110100011
1010001100111011
1001101000101010
1000011010001011
100001000011011
100011101011100010
1000101000001010
10010110000011
10111000101010
100010110000010
10000101100010
10100101001100
1010101000101010
1010101010101011
101110100001011
100110101000010
10100110101010001010
10000111101000111010
100000110000100
1000100101010001010
101111100101010010
100101000111010
100010100001010
1010101000011010
1000101110001011
101010101100101
1000101010101011
1000101000101010
100010100000010
1010101010101011
101010100010100
1010110001001111
100001101011000011000011
1010010101010001101011
1000001010101001001010
101010101010001001101010
101011001000100111001
10101110010101001101010
10101110011011011001010
101001001110101011001010
10101110101000011011011
101001001000011101010
100111001011010011001010
10001110101101111001010
10011101111101001101010
1010011001010001101010
100001101010101011001010
1000110101110101110010
10011101011101111001011
101001101011000010001010
10111100101010101100010
100110001001001101010
10110110101010011010101
101001101011001001001010
101100010100000001010
100001001010010011001011
1000110010010101100100
10100110101000011101010
1011110010010001000101
10101110101001001101011
10100110101010100101011
10101010100100010101010
1010111010100101001110
100011101010010011101010
10010101011001110101010
10100110101010100001010
10001001010001001101010
100110010010100110100
1010011010010110110001
101000100000001100100
1000110010000101110101
1010011010000100110100
10010100101100000101
1010110010100001100101
101011101110001100101
10100100100100000100
100010001111100010100
1010111010100101110100
101001101001001100100
1010110010010101100100
101101010000001110100
1010011010010000110100
1010110000010101100100
1001110010000000100101
101001010110001110101
1010101000000110110
100001101010101110001011
101001101010100101010
100101101010001001101011
10100110101100001101011
1010010100101000101
1001001000000010101
10100001010000000100
10100101000010010000
10100001001000000001
1000001110000000000
1000100100010101000
10000101000000010100
10100101000000100100
1000101011010000101
1010010000010010100
1010000100001000000
1010000100000001000
1000011010001000110100
100011000000001100100
1010111010010000110100
1010011010110001100101
1000011010000101100101
100000010010101110100
1000110110000100100101
1010101010010000110101
10100110100010011000
1010011010011001100100
100011000010000110100
101001100000000110100
1010110010010101100101
101001101000100100100
10001011
10101010
1001111
1000101
1000000
101100
1011011011001100110100
1010110010000100110101
100011001001011011010
101010101011
10101010
10100010100010110010101
1010101101001010010101
1000111000010100010101
10010000010110010101
1010101100000110010101
1010100001001110010101
10100010001001100010101
100001010101010010101
1010010000101010001011
1000101001101001001011
100010101001000001010
10001010100110110001010
101011101010010010101010
100010001011000011001010
100010110010100
1010101000101010
1001010100010
10001010001
10001010000010100010101
1001010101010100010101
10111011
1010011010010000110101
10101001000001000101
1000011010000000101010
10000110101010001001010
10001010
1000100
10001010
100000001000010101110
100001001001010110100
10000000
10001010
101001100000101110100
10110101000000100101
10001010
10001010
10001011
1010010
10001010
100010101010
100011101000101100100
1010010011010001110101
1010001000010110101
101001101010001111001010
101001100000101100100
1000011010001000110000
1010110011010000110100
1010110010100100110101
10100101000010011000
10000010011
101010101010
101101101000100100110
1000110010000001010100
100011010110001100100
10010100011001001001011
1000011000001001001011
1000010101001001001011
10001110101001001001011
1000010010001001001011
10100001011001001001011
10100110101001001001011
1000110010010000110100
100001101000100110100
1010110010000100110101
1010010010100000101100
100011000000000101100
1010011010000000101100
100001101000010110001
100111001000010011000
1010000101100010000
10101100100100010000
1000010000100010000
1000100100100010000
1001110000100010000
10100110101100010000
1001110100100010000
10001110100100010000
10101100100100010000
1000110011000101010101
100011000010001110100
10101100101010001011010
10011000000101100100
1010011010100001110101
101001101011000001101011
1000110101001001001010
10001100100100011101011
10000110101001011101011
101000010110010110100
10111100101000110100
1010010010001001100110
101000101000100101101
1000011010100000110100
10010100000001010100
1000110010000101010100
101011010110101110100
101010101000101000001010
1000101000010000001010
1000001000101100001010
100010100001101000001010
101001101010000001001011
101001101010000001001011
101001101010000001001011
101001101010000001001011
101001101010000001001011
101001101010000001001011
1011110010110001110101
1011110010110001110101
1011110010110001110101
1011110010110001110101
1011110010110001110101
1011110010110001110101
1000011011000000110101
101011101000000011000
10100100010010011001
1010010100001011101010
10101100100100010100
10101010101000001010011
100011001010000010101010
1010110010001001101011
101001101000001100100
101001101000000110100
1000101010000001110100
10000101000100110100
101011001011000011001
100001010011010110100
10101101000001110101
10100100000101110100
101101101010000000001011
101011001000100100110
100010010010001100100
1010111010000000110100
1010011010001001100101
1010010010101000110100
1001000010010101100100
101010010010000100101
100010101010010011001
1000101010010010100101
1000111110010101010101
1010111010111011110100
101000010110101110101
101011101010001100101
10100001001000000100
1000011010011001100100
1000101010110110100101
1000101010110001010100
100011010000100101101
101001101011110100101
10001001000010000101
1000111010110101100101
10101100011010000101
100101001001101100100
1010101010100100110100
101001101000101100100
10101011000000011000
1000101010100101110100
101001001000000010100
1000010010001000101100
1010010010011000100101
101001001000010011000
101001101010000011001010
1010011001000001101011
101011001010101011001011
10101100101010010100010
101001010100101100011
10100100
1010100
10101000100
10001010
1010110010000001110100
100001000100111010001
100010011010001100100
10001101001101110000
10001010000010110100
1010001010000001100100
1010110110101001000
1000010000001110100
100000010000101100000
10100110100110001100
101000101000010111000
1010011010010101101110
100010100000110100
10000110000011000000
1000010010001010110100
1010100010100100110101
101001101001100110100
1010111010100011100100
10001110000100110100
101000010010101110101
101000010000010110100
1010011010010111100000
101011101011001010001
100111001010101001101010
100001101001010110101
101011010000000100100
101000010010001010100
101000100000010
100011001000101100101000001010
101001101010000111100110100110
1010011001001011010
1001010101000101001010100
101001100100000010
101011010100101100100010010
100111101011001001010110011011
1000011110101100010
10010010101011
101001010000101011
10010110101000101010
101011001010000100101010001010
100101101001000100
10101101010000111100110010010
1000101010101011
1010010100101101101000000101
1001110000000
1000110010100010001010
101001010001010
10010110101000101110101001001010
1000101110001010
100101110101011
100001000101010010101000001010
1000011000010000100100
1010101010001011
100010100001010
10100010101000100110101000101011
1001011010000001110101
101100101010000001010100001010
1000110010100110010
10101000011011
1010101000001010
10000110001000100110101100100011
10000101000010
100000010100101100101100001011
10101000100000010
10101100101100101100011100100111
100011001010001011011000001100
10000110101000001010
10000110101000001010
1000011010100001010
100001101010000001010100101010
1000011001010111010
1000101000101010
101001010100100111010010001011
1010011010101001010
10000100101001001010
101001101010001001001010
1001100101010100100010
10100100101100010100010
10100100101000001001010
100011001011100001001010
101011101010000010000
100001010000000100100
100011001010001001101011
10101100100001001001011
101000101000011101010
10001101010000000101010
10011001010001010101011
100001100011010
1001001010001011
100010101000110
100001000101010
101001001010001011001010
1010011000010111001010
101011001010001001101010
10101110101000100001010
100011101010101011001011
1010000101100001110010
101010101011000011101010
101011101010101001101010
10011101010100001101010
10001010101000000101010
100011101010001001101010
1000100101000001101010
1000111010110000001000
10000100100010000100
1000111010000001110100
100011001000010001010
10000110001000010100
10100001000000000101
101011101000100110101
10100110100001010100
101101101000000100101
1010010100100111010
101010100010101010100
101000010100101110000
1010001000010000100
10000001001010
100010010001011
10111110101000011001011
1001110010100101000010
10001100101000011001011
1000101010010000010100
1000110010000000110101
1010110010000110110101
1000011010010101110100
101001010000000110100
100011000110100110100
10100101011010100100
1001111000010010110101
1001010101010001010011
10000110101000100101011
1000100101010000101010
1000000101001001101011
101001101010101010101010
1000001001000000010
101001101001000111000
10001100101100010000
1000110010010100110100
101101110000101010100
101000011000101101100
101101101010100011101010
10000001010101001101010
100001101010010101001010
1000010001010100001011
100010001010110001011010
10001011010010001011
100111000110000100101
1000100010100000110100
1000110010100101100101
101111001010001100001
1001000101000010000
1000010010000000110101
1000110101100101110100
10000000000011001011
100011001000100110100
101001010110001101101
100001101000100110100
100101100001100110100
1010000100101011000
10001100000000110000
1000110010100001100101
101111001000100011000
10101001001001110100
1010111010100001100101
101001000001000110100
1010110010110001100100
10101110000101100101
1010110010010001110100
101000101010101001101010
1010110101001010000
1000011010101101110101
100010001001000110100
1000011010000000100
100101100000001100100
10010101010001011000
101011110011010
101011101001001100100
1010101000001010000
101101001000000000100
100011010001001110100
1010011010100001010100
100011000010010000101
1000010101000100001010
10000100101101100110
10101000000001110100
1010100001101100001
10101100000001100100
1010010101110011001010
1000101011011100110101
1010011010001100110101
10010110010110110100
1000101001000010000
101001010010010110101
101010000011011
100010010101010
101011101000000011000
100011011000101100100
1000111011011010
1010001000001100100
1000011010011010110110
1011011000101010100
10101110001010010100
1010101000100110101
1000100000100110100
101100100000011100
100010001010110100
10010101001111010100
10100100100010
100001110110001010101
1000101100001010
100001110110001010101
100001010100000110100
1000010000100110100
1010110010010011100100
10101100001000110101
1010101001011010
100110010010100110100
101011100001000000101
10101001000100011000
101001101010000010100
1010011010010100110101
1001011000010010111100
100001010010000110100
1010011010000000110100
10001010010001010010
101001101001010000100
10100110101110100110100
101001101000010111101
101011001000001000100
1000110010011111110100
100001010101101110100
101011101010101001101010
101001101000100011101010
1010010010000101100100
100101100000011010100
1001110010011000010101
10001110100000110000
1001110010011000010101
100011101001001110101
101001100010010100100
100000010010000110100
1010110010010000110100
1000110010110001100100
10000001010010001110100
1000010000110
10010101011010
1001011010001010
10010110000010
1000101100001011
1010101010001010
1000101000101010
100110100101010
100010100000011
1000000000011010
10001101001000000101
100111100000100110000
1000110010010100100100
1010110010000100110101
101011010000001100100
10000010011010
10011000000011
1000011011001011
1010101010101011
10011001010100
101010101010010
1010101010101010
10010101010100101011
10000110101011001011010
100011010100011100100
100001101010000111000
1000011010010000110101
1000011010100000100010
1001100101000011001011
10010010000001100010
1001100101000001001010
100110101010000001010
10000110101000001101010
1010011001001111100010
1000011011011001101010
10001100010010011001011
1001100100001001101010
100001101000000111000
10001100000010110000
101001001000000100100
1010011010000000100100
1011111010001100100100
101001101001010100101
100000010010011100111
10100101001010110000
1000110100100011100
101001100001000010100
1000101100001011
100110101010011
100010100001100
1000011110111010
100001000100100
1010011011101101
1000101110011001
100010100110011
10011000101010
1000111010000010110100
1010110000010000110100
100011010010100110100
1011010100010010100
101001010010101100100
1010000100100000100
1010000101010010101
10101001010101010101
101010100101001000
1010001000010010000
10100001000100010100
10100101000000010100
100100100000010100
101001010000100100
1010000101100001001010
10001111101000001101011
100001100101111001101010
101011001010000011001010
1000111010000000101011
1010110010100000100100
101001001000010000101
1010010010100101111100
101001010111100110100
1010000101001110001
101001001011010010100
101001101000010010100
1010010010000100110100
101001001001010010111
1010110010000101100101
10100001000010000100
100111010100001110101
1000010010100101110101
100110010000101100101
101101001001010101001
101001101011001111001010
1000010101011010110010
100011101010010011101010
10000101010001001101010
10001010101100100010010
10100110101001001101011
10101100010100001001010
10000110101001011011011
10011001010100011001011
101010010100001110101
1000100000101100101
10011010101101010101
10001010110101000110
1010000100111100101
10100010001000010
1010110011001110110001
100101011011010010111
101000001010100100
10100010000100100101
1010001000101100110
1010001001010000101
1010110010100000110100
10101110101011001001110010101011
1010010101010110010111010101010
100001000110001010011
10011001010100010101011
10100110101000100110011
101000101010000010101010
101011001010100000101011
101001101111010001001011
101001001010101001001010
100001101011101001001011
10100110010110011101011
10001001010011011001010
100001101011001011001010
10101110101001010101010
101001001010001001101010
1010001010011001100000
100011101000011100100
1000011010010101110101
100011101000001110100
1000011010111001100100
10000101000000110100
101001001000001100000
101010010001011100100
1000011011100101110101
101001101001010110001
101001010000101100100
1010111010100110100101
101010010010000110101
10100100101010100001010
101010001010101010001010
101000001010100000101010
101010101010001010101010
100011101010001101101010
1000110101001001001011
10100010000110110100
10001100101001010001010
1010101010011010
1010110000010100010100
10000110100100000101
1000101010010100000101
10101100110100000101
10100001000000110100
1010110010100001110111
101001101110000111001010
100101101010100010001010
1010011010100000000010
101001101010100101100010
10100001010000001101011
10100100101010111001010
1010010010110101110101
10101001000000110101
1010110010110100110100
1000010010000010110101
1010101000110001110100
101001100010000100100
101011001001010100100
1010111010010100110101
10000110101000000110010
100011100010000001101010
10101101101010001001011
10100100011000011001010
10001101100110011001010
1011011010010001110101
1010010010000001100101
1010110010000101100101
10001010
10101011
1000000
10011011
10101010
10101010
1010111010100011100011
100011101011000001001011
101001110100010011001011010011001011
10101110101010101110100
1010011010000101100100
100101100000001110100
101011010000000110101
1001111010000001100100
1010011010010000110101
1010011010000001110100
101011001000001100000
101001100011000110100
1010110010010011100100
1010010000000100100
1010011010000001100100
101001101000101110101
100001101010101011101011
10101100100000000101110
101011101011000001101010
10101100101010100001010
10100110101011101100010
101001101010001011101010
10100110101000001110010
10000110101000000101010
100101001010001001101010
10101110101000001101010
10110110101000011001010
100001010010110010110
1010110010010000110100
1000011010100100110100
1000010011010110000
1010001010000001100101
100000010000000100100
100011010000001100100
101011101001100000101
1011011010010000100100
1010011010000000100100
1010010010010100100100
10110001001101110100
101001010100001110100
1010110010010000100100
100011001000001110100
1010011010001010110100
101011001001000000100
1000010011010110000
1010011010010100010101
1000011010000100100100
101001101000100010101
10100110100000110101
10100110101001011011
10000110101000001010
100011101010
100001101010
10010010010
10101011
10011010
10011011
1011011
1000011
1000101010011011
100010100100010
100010111011000
1001110010000100100000
1010110010000101100100
10011010001000010101
101011101010000100100
1001000010101001010
1010011010010100110100
1010110010010000110100
1000010010000001110101
1010010110000101100100
1010110010000001110101
100010100000101
1000111000001011
1010010010011000100100
100010101001010
100001010010000100101
10100111
10100110
10001110100
10000110100
10001000100
10000100100
1001111000
100001101010000011001010
101011001010000011101011
100010000101011101010
10001101
10111010
10001101010001011101011
1011001
1010001011000100100
1010001010010001110100
1000110010000100110100
1010011010000000110000
1000010000000111001
100011001000101110100
1010101010000101100100
1010010010000001110101
1010110110000001100100
101001101000101100100
1001111101001011100100
100111001000001110100
100101101010000110001
10000001001010000100
1010011010010110100001
1010110010010101001100
100111000001001100101
101011000000001100100
10001101001001110000
1000110010000001110100
100110010000011100100
101001101001100010100
101011101000101100100
101011000110100110100
1010111010101001100101
101011101001010000100
10101001001011110001
10001001000000000110
101011001000000000101
101001101000100110100
10011110100000110100
101101101001000010000
10000001000001000100
101111001000101100101
1001110100000110000
101010010000011100100
1010110010100000110101
101011001000010110100
101111001010000000101
101101101000101100100
100011000000001100101
101001001011000101001
1000011010010101100100
1010110010010000110101
1010110010010101000101
1000110010000000110101
1010010010000101000100
101001101001111100100
101000010000010000100
1010011010010001110000
10101010
10000010011011
1010101010110001010100
101000010010001110101
100001101000100110100
1010011010000000110100
1010111010010000110100
101001101001010110100
101000010100100100100
1010010010110011110100
10110010
10101011
10101010
1000010
1000010
10101010
10001010
10101010
10011010
1001010
10001010
101001101100100100100
100011001000110010100
1000110010110101100100
1000110010110000110100
10101000010000110100
10011100000111011
10101100101010011011
10101110101100111011
1010010101110001010
10100100000101110101
101010010000100100100
1010110000010100110100
101000010010100110100
100011000110000110101
100011101011001110100
10101101010000111011011
1010011010001001110100
1001010
10001010
10001010
10111010
10001100001010010100
1010111010000110100100
1010110011000000100100
101001101000001010100
10101110101000000001
1000111010100111011
1010100010001011
1010001100100000100
1000011010010100100100
1010100010010001100101
1000110010010101110100
10001101011010000101
101001101000100110101
1010110010000101100100
1010110010010011110100
101001001000100100100
1000110010000000110100
1010110010110100100100
1010110010010001100100
101011001000000000101
100001011000000110100
1000011010010000110101
100010010010000110101
1000011010110000110101
1001010010010000110101
1011111010010000110101
101011000010000110101
1010110010010000110101
1010111010010000110101
100010010010000110101
1010011010010000110101
101001100110000110101
1010011010010000110101
100001000110000110101
101001000010101100100
100010010010001100100
1010010000010101100100
101001010110001100100
100010010010101100100
101011001000101010100
1010011010000110100101
1000011010010101100100
101001001000000010100
1010010010010001110000
100001010110101110100
1010110010010001100100
1010010010010100110100
1010101000010000010100
10100110
10000101
1001010
10110110101000101100011
10101100101000100110010
101101101010100001101010
100011101010101001101011
1000111010110101110100
101001101000111000101
1000111010000100110100
1000011010010100110100
100010
1010101
10111010
10001011
10001010
10101010
10011010
10101011
10101010
100111000010001101010010001101011
10010000101000001011
101011001000000111000
1000011010000101100100
1010110010010001110101
1000011010000000100101
101011000110101100100
100011010010100110100
1000011000100001100100
1010011000101000000
100010010011001110101
101011000001000110100
1001110010000101100100
101001101000000010100
100011001000100110100
10101101001100110100
100011001000010010100
101011001001010110000
1010001010000011101100
1000111010110001100100
100011100000101100100
101001101001000110001
1000101001011010100
1010011010000100110100
101001101100100010101
1010111011010001000100
10000001001000100100
100011101010100100101
100001010000000101100
1010101010000100100101
101010000101000100
1000011010010000100101
1000110010010010100100
101010100011101110100
100001100101101000101
100111010110001100100
100110000110111110101
1010000100111000100
1000110010010100100101
10000101000001100100
1010001010010100101100
101010101000001110100
1010011010110101100100
1000011010001000000
10001110110000011000
1000101000001010
1000101010001010
1010110000010100110100
101001000101010
100010010001010
10001001100100
101010100000100
1011101000001011
100011100111010
10001000100100
100000001101000100
101001010011101
100001000000100
100100100000100
100011010000101100100
100000100100000001
1000110010010001010101
1010010100000011000
100011000011101010100
1000110010110101100101
10101100100000010101
10101100100000010101
10101100001011
1000101001001110
1000101111011011
100110101000100
1010010000001110010
1010011010010000110000
1000111101000010100
1000010010000000110100
101001101010010110000
10001101010010100101
101001001001010100100
1010110010000001100100
101011001000000011000
100011001000010010100
10100110100011110000
1000111011011101110100
1000110010010101100100
101001010010101100101
100101001000100110101
10011100000100101101
1001100100
100011001010010010101
1010111010000101110100
1000110100010011001
10101100100100110100
1010110010000111100100
1010110001100100100
1000110100000010100
100011001000101100100
1000011010100100110100
1010011010010100110101
101001010010001010101
10000110100100000101
1010010010010001100101
100001101001000010101
1010010010010101100100
1010111010010101100100
1000110000101100100
1010110000101100100
1010110010000001110100
1010000100010000100
10101100100100110100
101001101001011000101
10101100100100110100
10100101001010010101
100011101001000110101
10100000100001010001
10101100100100110100
10100110000000110100
10000001000101010101
1000111010010101100101
10101100100100110100
101001100001000110101
1010011010010101100100
101011011000000110100
10110110100010111100
10000100000000110100
100001101010010011000
10101110100010010100
1011011010010100110100
10101100100100110100
100011000000100101100
1000111000010001110100
1000111010010100110101
10101100001001100100
1010100010000001100101
1000101110001011
10101100100100110100
101010010010000100100
10010100000111100100
1010011010000101100101
100101010010001101101
1010011010010100110101
101011010010010011011000100110110
1011110010010101110101
1010110010010101100101
1000111010010001110100
101001101000001000100
101110000010011010100
100101
1011011
1001101010111010
10101011
10001010
10101010
10001010
10101011
10001011
10001010
10001010
10101010
10101011
1010010
1000100
1010010
1001100
10001011
10001010
1010010
10101010
10001011
10001010
10011011
1000101
1001010
10111010
1000100
10001000
1000010
100111010000100110100
101001101000000110100
101011000010000100100
100110000110100010100
1010010010110010100100
101000010010100100100
1001111010000100100100
101001010000101110100
1010011010010000110100
101101101010010110001
10000001010011011001011
100011010100000110001
10000110010000101101010
100001101011001111001010
10001100011100011000
1010011010000001010100
1010111001000010
100011011011010
1000011010000100110101
100000011000010110100
101011101001101100101
101011101000000111001
1010011010010100110100
101011000010110110101
1010111010110011100100
100101000111000110001
100011000110100110100
101001101001000001011
10111110011000011001011
1010011010010001000100
101001010010001100100
101010010100000110100
101001010100101100100
100000010010101100100
1010011010000100110100
1010011010000100110100
101001101000100110101
1000110100010111000
1000011010001101110101
101001101000001110101
10000010010100110100
100011010000000110100
101011001000110110000
101011001001000000101
1011110010010101100100
101011000110000010101
10011000111000110101
1000010010010110100001
101011001001000000101
10100101010010000010
101001001010101001101010
10101010
10100100100111
10000100001010
100011010010100100101
100011001001000110101
1011010010010100110101
101001001001001110100
1010011010100110100101
1010011010001000110100
1001011010010100110100
100001101011100110110
1010011010010100110101
1001011010110000110100
1010011010010100110100
100111010100100110100
10101110
10001010
1000010
10001011
10101011
10001010
1010110010010101100101
100001101011101011001011
10001100100001001101010
101011101010100011001011
10001110100000001101011
10101100101001001101010
1010111010000101100100
1000101110011010110100
101001101000000110100
1001011010100011000101
1010010010000100110100
10000110100100110100
10101010
1010111110110101101101
1010010011001011
1001101110011011
1000011010010001100101
101010010100000110100
10001100100100010001
100011001011000000101
101001101011010010100
1010011010000000100100
1010011010101000110100
1000111010010100110100
101001100101001110001
1001111010010001101101
1010011010000000100000
101001001001001100100
10101100000000011100
101001101000000110000
1010110010010101100100
1010111010010001111110
1000011010000100110100
1011011011010001110101
1010011010011001100100
10001000100010100101
101011101001010110010010101100101
100001101010101000100
1010011010110011100100
101001100010001100100
1010011010000000110101
101001101000101100100
1000111010001001100100
10000100100001010000
10100110100000100101
100001101101001110001
101011001001001100101
10101100100000011110000
100011100101001100101
10101010
10011010
10001011
1000010
1000101001000010001011
10010000111010001011
1000101001101010
100011100101010
101010000001110
1000110111101110
101010000101011
10001100101010101110101
10001100101010001101011
100011101010101101101011
101011100010000011101010
10001101010100001001010
101101101010000011001011
1010010101001010101010
100001100101110
10101001100111110001010
100010100100100
1000101000101010
10100110101010101110010
10000100011000011101010
10101100101000011001010
10100010010101100100
1010110010110101100100
1000011
10001010
1001101
10001010
1000100
1010011010000001100000
1000110010000100110100
1010110010000001110100
1010110010010101100101
101001010010001100100
1010101010101011
1000101010101010
101010101000010
10001000001010
10000100100010
10000100
100010100101010
100001010101010
100001000101010
10001001010101010101010
10001100001010
10010100001011
1000101000101010
1000101000001010
1000101000001010
10001011
10111010
10001011
1010011010010101110101
100001101011000101100
101001100100101100101
1010011010000101100100
1010110000110101100100
1010011010000101110110
101010001010001110101
100001101000101100100
1001010010110101010100
100010010001011010101
1010101010010100110101
1010011010010001110100
1010001010000100110101
100001101011000111000
1000011010100100110101
101001101011000101101
1010011010000010110100
1000011010010101001011
100110010000101110101
1010110010000110110100
1010100000100100110100
10001100100010011001
101111001010101001101011
101010101010101011101011
101001101011101011001010
101011001011001011101010
1001110100100011001010
1000101001011011
10101001010101110001010
1000001010000101110100
101001101011100001101010
1001110010010101100100
1010111010110101000100
100010001010011100101
1000101000001011
1000101010001010
100111001011
100111001011
100111001011
1010110000000100110100
1000011010000001010100
1000010100000110100
100001101010011000101
100010101000000110110
10111010010011110100
101001010000111100110
1010110010000111100100
1011111010010011110101
101011001000011110001
1010010010010100100101
1010110010010101100100
1010110010010101100100
100011101000010110000
101101010000001110101
101011001000000001100
1010111010010100100100
1010110010110101100100
1000110001
1000110010010101100101
1000111010010100110100
1010110010010101100100
1010110000000101110100
1010111010000111100100
1010010000001110101
1010110010000101100101
1000110010000001110101
10011001001010010100
1010110010110100100101
10110110100101001101010
100110000100010000010
101001100010101111000010
10001110101100101110110
101011001010010011000010
101011001010000001101010
10100001000001100100
10011001000010000100
1000101100100011100100
100011100010101100100
101001101011010011101011
10000100010101011011010
10000100101010100001011
10001010000000100
101010010010001100100
101011101001010000100
1010100010100001010101
1010011010000011110101
10101001010000011101011
10101110010011001101011
1010111010000001100101
10101100010010110000
10110101000001100100
100011010001011
100010100011010
100010100001010
1000000101011010
1000110010001010
1000011010001010
1010101000001010
1000101010101110
101010000111010
1010010011010
100000000101000001011
100110100110001100
1001101110010110100
10010100101000111001010
101101101010101001101010
101001101010010001101010
10000110101011011101010
1010011010010100110100
101011001010101011001010
10110110101110100101011
101101101010000001101010
100011101001010000101
10101001010001011001011
1000101010001010
101001010001010
1010110101110101010
1010101010101010
100001001010010101111010
1010110110010100110100
1010111010001000110100
101001101000010010100
1010110110010100110100
10100110101001011001010
10001100101101001101010
101011001010001001101010
1010000101001011001011
1000110010000100110100
101001001001010000100
1010110110000101100101
100001010011011
100001100001010
10001111001011
1000101000111010
1000111010001011
101010100110100
100111101000010111000
1011011010001000110100
1010110010011111100100
101011000001010000101
10101110001001110001
10100110101001000110011
100101101010001001101011
10000110100010
1000111000101110
10000100101010
100001011001110
101001000101010
1000101100011011
1000101111011010
1010111010011000100100
10100010000111
1000100001001010
100010111000010
1001101010001110
1010001000001010
1000101110001010
101101000101010
100010101001010
100110101100000
101010100101010
1011101011011011
101010110110010
101011001001010100101
10000100100101010001
101011001000100100101
1010110010110100100101
1000110010000100100100
1010110010110100100101
1000011010111010
100010101010011
100010100001010
100001101000101100100
10101100100110011101010
1010111000111010
10001101010001011101010
1011100101000001100011
1000111010100101100100
1000011010010110000100
1000111010010101100101
1000111010000000110100
1000111010000000101
100010000101111
100010101000010
1000110010000101100101
10001001010100110101
101001101001000110001
100010010110001100101
1001111010010001110101
101110100000100
10101100101010101101011
10001100101010101101011
1010110010101000101011
10101101101010001101011
1010100101000101101011
1000110011100010001011
1000100100101010001
101001101000100100101
10001110001010100101
100001000100001100100
1010010010010101100100
101011000001001110100
10001100010100110000
1000101000101010
1000101010001110
1010000100110
10101110100100010100
1000110010000000110101
101000101000000100100
1010011010100100000
1000011010100100110101
101010010010001110100
101011001000010110100
1000010000000010110101
1010011010000010110100
10101101010001011001010
1010011001010001101011
101001101111100011101011
101011010001011001010
100011001000000110100
101011101011000110000
100011001011001110001
100011011001010011000
100011101000001110101
10000001001110001110111
10100101010001011000
10001000000000110100
101001100000001010101
1010110010010100101110
1010100010010
10000101000110
1000011010010101110101
1010111010000111010001
10011001000000111010101011010101
1010110010000111100101
10001010100000
10001010
10001111
1000101
10101010
10101110
10001010
10101010
10001010
1000010000000100
1000010
1000111
10101010
1000110010100011010100
1010011010001001100101
1000110010000010110100
101001001000001000101
1001100100000110101
101001010010000110101
101111100110110011101
100001010100101110100
1000110100110010001
10110110000010011000
1010110010010101110101
101011101001001000100
1011011010010100110101
1010010010101001110101
1000011010000101110100
1001011010010001110100
100011000000110100
1000110010010110110100
101001101000000100101
1010110010011001110100
1000110110010011001
10011101000011000100
100011001011100000101
100011001010010010001
1000110110000001001
1011100100000000101
10100110011010110100
1010110010100101100100
10011001101000110100
101011001000110010100
1010100001010100000
10001110100000100100
1010001000010000101
101001101000000110100
1000001010011001110101
1010101000010010100
1001100100110010000
10011001001001110100
10101010011001110100
1000010010010101100101
101010010001011100101
1010011010001001010100
1001001000001101000
1001100010010100010101
10001101000000000101
1010000010001110100
1010011010010101100110
101011101000001110101
1010110010110100100010
10101110100001010110
1000011010000000100101
101010011010010110100
100001101000000110100
10001010010001000100
10110011000100010100
100000001001000111000
10110001000010110101
10110001000010110101
1000111010000100100101
1000110010010101100000
101011101010000001101011
100001100010101011101011
1010011010000100100100
1011101101001010
100001010000001100100
100011010000000100100
100011000111010010100
1000111010101001110101
1000111010000101100100
1010011010111001110101
10011100010001110101
101000010010101100100
1011010010010101100101
100011010010000100100
100111000001000110100
1000101010000000110100
101010100011000101000
100101010000000100100
100101010000001110101
1010100000000110110100
1000111010000001110100
10100100010011011001
100011101001000010100
1010000100010010000
100010101000100110110
101010011010001100101
10011010000000110101
10011110100001010100
10000101000101110100
10111001100001100101
10100101001010010100
1000110010010001110101
1010010001000000101
1010101000011011
10111001001010100001
1010000000010000100
100001101000011100100
10001010100011111101
1011011010010000110100
100011001000110110101
1000110010110111100101
1000101110101010
1000101000101010
100010101011011
10010101101011
100010100100010
1000101100001010
1010101010011010
1010101100001010
1010111000001010
1000101000001011
100010100101010
10000100100010
1000101000001010
1010100000101
101010000001011
100010101011011
1010001001001010
10011110010000100101
100001010110100110100
1010110010000010110100
1010011010001010110100
1011110010101001110100
10001110100000111001
10001010010101000100
100001100010001110100
100001010110100110101
1001101000001011
1000010010000100100100
1010110010000101110100
100110011001010
100001101011001001101011
1010100010000100110100
1001010010100101110101
101001010100101110101
10001101010000100
10010100101010101011
10101100000110100011010
100011001010000101010011011
100010100101000101001001111
10001010
1010110010000101110110
101011000100010010100
1000110010010111010100
100011000010100100100
1010111010110101110100
100010101000000100101
101110010010100110110
1010111010010100010100
100010011010100110101100010101
1010011010000001100101
10000100000001100100
101101101000101110100
100011101000011000100
100000010000000110100
100000010000000010100
10111011100001101000
10000100010100110100
100011010010100000100
101010101011
10010101010
1010011010000111100100
1010011010000101100101
101001001000101100100
101011101000000010100
1000010
10001010
1000011
100011001001010100100
10001011
10001010
10010011
10010011
10010011
1010111101111011
10111010
1001011
10001011
10001011
10101011
1000010
1010010
10101010
1010011
1000110010100001011
10001100101010101010
10000110010010010
10000101100011
100010010010101100100
10111010010000110100
100011101000001110100
10001010
100001010010001010100
100001010100001010
1011010100110001001011
10001011
10111011
1010100
1010000
10101001
1011101101000011101010
1010100010000110101
1010110100000110000
101011101101010010001
1001110010000000010100
1010010010010110101100
1000110010010100110100
1000110010000101110101
100011000110101100101
1010010010110001100100
1000110100010000101
1000010010110101100100
10101101000000010000
10101010100000101100
101000010110100110101
1000101010010001110100
10101001000110010100
1010110010000110010100
101011001010010110100
101111101000001100110
10011100100101010001
10101100100000101000
10100010000100110101
1010111010110001010101
100011000000001100
10001100001000110110
1010011010101001110111
10001100100101100000
100001001000101101101
100001100010011110101
100000010000100110100
1000001010010001100101
100011001011010011101010
1001011010011000110100
100001001010101001101010
100001101010101011101010
101001101010001011101010
10001100100101011101011
1010011010010100110100
1010110010010101100100
10100100010100100101
101011101011010010000
100011101010010101101010
1000010000000000110100
100110100111010
101001100001101110101
100101010010000100100
100000101000010000100
1010010010000100110100
100011101001000100100
1000101010010001100100
100001101000001010101
100110010010000110101
1000010100100010101
100001101001001010101
1010111000100101100101
1000111010010001110100
1010110010010101101100
101011010001101100101
1010100000011100110100
1000111110101001010110
10001001001000101000
100001000110001100100
100010101100010010101
1000011010110100110100
101111101000001110101
10100101000001100101
10010101001101100100
1010111010000101100101
101001100000100110100
100011001000000011001
1000000100001000000
1000011010100101010100
1011001010000001110100
1000011010000101100100
100011010110000110100
1010110010110101100110
101001010000001110010
1010011010010000110100
1001111010010000110100
101001100001010000100
10011001000011100100
1011011010000011000100
100001101000010100100
10001001000101100100
1000011010110001010101
100010100011010
1000101010001011
10010100101011
1000101000001010
10000100011010
1000101000111010
10100010001010
1010110010101010010
101010000001010
10011100000110
1010101001001010
101011001000101010000
100011010010100101100
10001101100000110100
100000010000000010100
100101001011000111001
1000110100001011000
100001101000010100101
1010011010000001110101
1010011010001000100101
1010111010010100111101
1010100101100100101
1010011010010101010101
100001110000001010100
1000011010001100110100
1010011010000100111100
101011100001000010100
10011100101
10000110101
101010100
10100110101000011000
10001010100000010100
101001001000000010100
101001010110101110100
1010011010111000110100
100011000100100110101
101011001000101100101
100111001000000010100
10100001000010000100
100111001000000010100
1010011010010100110100
101111001001010100100
101010010000001010101
10101001000000010100
101010101010000010100
1000101000100101100110
100011101000100011101
100111010010101110100
100011001000000110101
100011101011000100101
1000100
10101010
10001100100
10010100001010
100001010000001010
100010100101010
1010011010001101010
100010001001010
10100100011011
1000010010000111010
100101000101010
10010100101101101011
100010100011111
101010100111001
1010000101100001011
100010100011010
101010100001010
1010111010010001011
10001110100001000100
101001101000000110100
1001001000010010100
1000001000010010101
10100000110100110101
10001101001001010001
1010001001000010100
1000111000000100110100
1011011010010010110100
100001101000000100100
10101100001010110000
1000011010010100110100
101011001000101100001
100010101000110110100
1000101010001000001
101010000000000100101
101001101000000010100
1010011010010100110111
1000011010010101110100
10100000001000110100
1001000100100100100
101001101001000110100
10000001010000010100
100010010000001010100
1010101011001010101
100011001000000010100
10100110100001010100
10101100000101100101
10001010101101000001
1010001010000001010101
101000001010010000101
101011101001011010001
10101100011000011001
101000101000000010100
101001010100000110100
101101010000101110100
101001001000000010100
10111110100000101000
100011101001000110101
1001011011000001100101
101000000000100110100
100111001010001011101010
1010011010101000101011
10001101010000011101010
100101101000000010100
100001100100000110101
101011000100000110101
100011001000001100100
1010011010010000110100
101001010000001110101
1010010
1010001001111010
100010000001011
100001010110111100100
100011010000101100100
100001101001010110110
101011101000001010101
1000011010111000010100
10101100100010110101
1010011010110010110101
100010101001001110101
1000111010010001100101
100011001010001110101
101011101001000110010
101001100100001010101
10100010101000100100
10001100010001101000
1010110010110001100100
10010101001000110101
101011101100010
10100100000001110101
101011101000010100100
1000011010000010110101
100011001000100110100
1010111010010001010101
1001101011000100110101
1010011010000001001101
1000011010010100110101
1001101011000100110101
1001110000001010100
101001101010001100000
101011001000001010101
10100101000010110100
100010010100001100100
1010011010010101010101
10101110000100
10100100000010
1010011110001010
1010110010100100011
1000100101000011010
100010101001010
1001011100001010
100011000010100110100
1000101010110001000100
10000100010000010001
101011001000001100101
10001000110001100100
101010101011010010100
101000100100101010110
100011001001000100100
1000101010010101000100
1010110010110101100100
1010011010010101100100
101011001010011011000
100010101000101110101
100111001000110100100
101001101000100110100
1000010010000100100
1010011010010100110100
1011110010010100110100
100001000110101010100
101001101001010110101
1010011010010100110100
100000101100000110100
100001010010001010100
1001110010010000100100
101001010010100110100
1000011010000100100100
101010100100010
10001100101000001010
1010001000101010
1011110010111000100
1001101000000110100
100011101010100100101
1010011000000100110100
1001110010000101100000
1000010010010001110100
100011010000101100100
1000001010010101100100
1011011010000001100100
101101101000000110100
100111101000001100101
1001010000100100100
101001101010101100101
1000111010000000110111
1010110001000001011
100110100001011
10010110101000010010
100011101010100001101010
1000111010100100110101
1010010000000001101010
101001000001001101010
100011010000111010100
1000011010010001010100
1000101010001001110101
101111101000011100100
10100001001000110101
10011100000001011101
10001001001010110100
1000011110010001010100
10001010101000101000
101101101001000010101
10101100000011010100
1010110010010001010100
10101100100001000101
101011000010101010101
100101010000100110101
10011100001010010100
100001101000000110101
1000101110100010
1010010000101101
1010110010010101100100
1000011010000100110100
100001100001001010110
100010010010001010100
10000110100000110100
1010110010000001110100
10110111110000110101
10001010000010
101000010110101100101
100010101000101100001
1000001010010001011101
10001101001010101010
100001000001010
100011010010001010100
1000111010110011100100
100010101000001010101
1010110010000000110101
101010010010111100100
100011101000011010001
1010110010000000110101
10010001011010100101
1000010010001100110101
1010011010001110110100
1000101110011000110101
101001101000101100100
100010010100101110101
101011000000100110101
100011101000001110100
100001100010100110001
100010010100101110101
1000111000101000000
101000001001000100101
1000110010000001100101
100011011000010000100
100000010000011110100
10100110100101001001010
100010010100110100100
1000111010100011100100
1010011010100101100101
101010101011010000100
10101100011101101001011
1011100010101101100101
1010011010010101110101
1001011010100101011
100001101010010100
101000101000100
101010100001011
1000101100101010
1001101011001011
100101101001110
100101010101011
100001011101010
101000000000100
1000111010000000110100
1010110010101111
1000100000001100
1000110010010111
10010010001001
100000010000100
1001000000100
1001011100110100
1010000110010001
10100000011001
1001000110001111
101011100001010
1000101010001011
1010111010101001010
100010100001010
10100101010000010
100110101000010
10100100101000001010
101110000110010
101011011000001010
100010100001010
100010100001011
1001101010101010
1000111010100011011
100010001001011
10010100101000001011
100001001001011
10100001101001111010
101010100011011
1000110010100000101
1000101010111010
1000101010001011
101001011001010
100110000001011
1000101001001010
1000111010001010
100001010011010
100010001100100
1000101011011011
1010010000101
1010101010001010
101001100001010
100110100001011
101011001001100
1010010011001010
100001000001011
1010101010101010
1010101000101010
1000101000111010
1010101010001010
1010101010001010
1000101010001011
1010111010001011
100101000101011
10010101011011
100010100101010
1010001010100
101010100001011
101110100101010
10101000101100
1010101010011011
100101010011011
100001010101010
100010100010011
101001010101010
1001101100101011
1000111011000011
101110100010111
1010101000001010
1011101010101010
1000101010101010
1001101000001010
1010101000001010
1001101110011010
10101000010111
100010101011010
1010101010101010
100101011001110
1010101000001110
100110100001101
1000101010101010
1010111001001011
1001101000111010
10001000000011
100011100001101
1010010000000100
10001010000010
10000100001010
1010101010001010
100010101000010
1010001100101011
1000001000111010
10101010101011101011
10100000001011
100111000010000101101010
100101010101010
10010000001010
1010001010101011
100000100010010
101010010001010
100101000001010
10100110111000001011
1001101100000
1001101110001010
100111001001010
1001101010101010
101010101001010
101010101100100
1010101010011010
100101001011010
100010100001010
1010011001001011
1000101000101010
1001101000111011
1010001001001011
101110000011010
1000101011000110
1000101001101010
1000101001001010
1000101011011010
1001101100011010
10010100001010
1010101010000011
1000010101010
100010100101011
100101000111010
10100100000010
1010101010001010
100001010101010
1000101010101010
1010101000001011
1000101100001011
100101000101010
1010101000001010
100110010001010
1010101100001011
1000101010101011
100010100010110
101010100011010
1000101010001010
1001101000001010
1000101001000
10001010100100
100010100001010
100011101001010
100010101001010
1011101000001110
10000100101010
1010101011011011
100010011001010
10101000010010
101010100000011
1000010000000000
101011011001100
100000101000110
1000001000000110
1000000000000101
1000010001001100
1000101010101010
10010010011111
1010011010100011010
10101000000100
10000000000
100010111110011
1000011000110010
101010100011100
1000101111011011
100110100000011
101110100000011
101010100000010
1010011000001010
10000101011101
10100010101101001011
1000111000000001101
101001101010010100
10001011001011001011
101010100000110011
1000000100110100
1010011010000001010
1000100
1000011010010001011
1000001010
100011100100010110
100010000100101010010
10011010
1000010101001001010
1000111101010101010
10001010
1010010
10000101010001010
1010010
10011101000000100
1001011
10100101010100111
1000010101010111010
101011010100001010
10001010
10100010101000101011
1001010
1000001010100001010
10001010
1010111010000101010
101001100111000010
101011001010000010
1000110010100100011
10001010
100001101010001001001011
10101010
101011101011
10100010100
100010101010
100010101010
10011011010
101011001011
100010011011
10011100101
101011101010
1000100010
100010101010
101000101010
100001001011
100000001010
10101101010
101001101011
100001101010
100011101010
100001101010
100011101010
101001001010
10000101010
10011101010
100001101011
10000001100
100010101011
100011101010
100011001010
101001101010
10100111010
100011001011
101000101010
100000011010
101001001010
101001101010
100111001110
100010101011
101000001010
1000010100
100111011011
1010001010
100100001011
101001101010
100001101010
100010101010
101000101010
100011001010
101011000010
100010000010
101010101010
1000010
10011000
1001010
10000000100
101101101010
1001110010100010101
1000010010100001000
101011001101100011
10001100101010101011
10000110101100001010
100011101000001011
100011001010000110
10101011
10001010
1001100
100001010100101100
100110101001001110
10000100
10011010
10001010
10101010
10101010
1000101000111010
1010100
1000101000001011
10001011
10001010
1010101
10101010
10101011
10001011
10111011
10001011
10001010
10101011
10001011
10101010
10011011
1000011010101000010
10101000100001010
10100110101000001010
10000110101000011010
100101100100000010
100111010101010010
1000110110100000011
1001010101110001010
1010110110101001010
101001101001001100
10100110101000001010
10101011
1010101010111010
1010101010111010
1010101010111010
1010101010111010
1010101010111010
1010101010111010
1010101010111010
1010101010111010
1010101010111010
1010101010111010
1010101010111010
1010101010111010
1010101010111010
1010101010111010
1010101010111010
1010110001100111010
1010110001100111010
1010110001100111010
101011000100001010
101011000100001010
101011000100001010
1010110001000001010
1010110001000001010
1010110001000001010
101011000100001010
101011000100001010
101011000100001010
101011000100001010
101011000100001010
101011000100001010
1010110001100010010
1010110001100010010
1010110001100010010
10101100010101001
10101100010101001
10101100010101001
1001000000100100001010001010
10001100011001000101010001010
10001000101101001010010001010
100010000001011000010010001010
10101010110010101100101010001010
1001101110011001001101110001010
1010101000011101110001010
101001000001011000101010001010
1010010000100100101010001010
101001001001001110100
10000100110100110010010001010
10001010100010101000101110001010
10001010100101010001010
10101010110110101000101110001010
1010010000110101000101010001010
1000110010000000110100
1010011010110011100101
1000010
10011010
10011011
10101110
10001010
10001010
10011011
10001010
1000011
1000011
10001010
10001011
1000010
1001010
1000010
1001011
1010100
10001010
10001010
10001010
10101010
10000010
10001011
10001011
10101011
1001010
10111010
10001011
10001010
10111011
1001010
10001011
10001011
10001011
1001100
10001010
10101010101010111011
10101110101110101010
10001100101010001011
1000001011100011101011
10101110101001010101010
10001000110011
100010100100010
101111010010011
1000101010
10001010010010111010010010010
10001010000010010010010010
101010010011010010010010010
1010101010010111010010010010
1010001000101010010010010010
10001000001010010010010010
10101000011010010010010010
10000010011001010010010010
10101010000010010010010010
100000010011001010010010010
10110101001000100100
101010010000101100101
101001010000001100100
1000010000000111000
1000101010010001110101
10101100101000111010
100010101010001011
1000110001010001010
1000011010101001011
10100110101010101010
10011101010001011
100010001010101010
10000110001011001011
100110010100001010
1001110001000001010
10000110101100101010
10100110101110001010
101000110000011010
1000110010001001011
10000110101000001010
10101110101000001010
1000111001100011011
101010000101011011
10001110101011001010
100001101010000101
10001100001000011011
1000101011001011
10001010
1000011010000001100110
1000010010000000111000
10101110101100101110
1000011110100001011
1000110101000011011
10100110101100001010
1000110101100010010
10100110101101001010
10100110011000000010
10100110111111011011
10101110101000001010
1000110101010011010
10010110111010001010
10000110101010001010
10101011001101000001010
10001010101100001010
10100011101000001010
10001010100101000001010
101010100000101000001010
1010101
10001000000110
10011010
1010010
10001011
10001011
10101110
10011010
1001011
1000011
10000110011010101011
100010101101001010
100011000110001010
10100110101010011011
10100110101110011011
10100110101111001010
1001001010001011
1001010
10000010
10001010
10111010
10101011
10101010
10001011
1001010
10111011
100010101001011
1001000001111
100010100011010
1010101101001010
101010100011011
101001001001010
1001101000001011
10001011101011100101011
1010011010100011010
101011100010001010
10010110101010100010
101000000010
1010101011001010
10001010
1010001
10010101
10110001
100001
1010100
10101110
100011000000011011
1000111
10101011
10000010
10001010
10101111
10101010
10101011
10001011
10001010
1011101
10001010
1010100
10101011
1010100
1000010
10001010
10001010
1010110
10101011
10001010
10001010
10101010
1000010
10001011
10111011
1001010
1011001010101010011
100000010100011010
1010100
10101010
10101010
1011010
10101100101001101010
1000001
10001001
10001010
1001010
10000011
10001010
10001010
10000101
10100100
10010100
10100100
10101011
10101010
1001010
1001010
10001011
10001010
10001010
10001010
10001010
10110010
1000010
100010
10101010
10001010
10001010
10001010
10001010
10001010
10001010
10001010
10001010
10001010
10001110101000100101011
10101110101000001010
10000110101000001010
10001110101011001010
1000100101000111010
101010010101001011
101001100010000011
100110110000101110101011
1011110100001011
1010101000101010
10100100100010
1010101000001011
10000001100011
1010011
1001011
1000010
10101010
10101010
10100010
1001100
10001010
1001010
10001010
10101011
10101010
10001011
1001010
10101010
10001011
1000010
10001010
10101010
10011010
10101010
10101010
1010011
1001011
10001010
10001010
10111010
10111010
10111010
10100010
10101010
100110101001010
1000101001011
100101000011011
1001101000101010
10010010001010
100010010000100110101
101011001000000110001
10101100010000110101
100011001000000110101
101001101000010111001
1010111010100101101100
101001010010110100100
10000110101010001011
10100110101100011010
1010001010010101010
10010010000001100101
101010101010
1010010
10001010
1001101
1010110001001010
1010011001011001011
1010110010100011010
10101110101011001011
10000100100010110001
100001101000001010101
101011001000101100101
100010010110101100100
1000101101001011
101000010001011
100001010011011
10001101000100110101
1010011010000100110100
10001010
100110001000011011
1000000101011001010
1010010101110001011
1001011010100011011
10100110001100110101
10111010
10101011
10001010
10001010
1010100101100001010
1010010010100001011
1000000101010101011
10100110000000010
1000110010100100100
10100010
1000111010000001011
10101011
1000011
10101011
10101010
10101010
1000011
10001010
10001010
10100011
10001011
10001011
10001011
10001011
10001011
10001011
10001011
10001011
10001011
10001011
10001010
1000101000001010
1010011001001011
10001011
10001011
10101011
10101011
10011010
10001011
10001010
10001010
10001010
10101011
10101011
10001010
100011010
10101010
10001011
1000100
10001011
10001010
10101010
10001011
10011010
10011010
10001010
10000010
10101010
1010100
10001011
10001010
1010010
10001010
1000011
10001010
10001010
10101010
10100011
10001010
10001011
10101010
10101011
10101011
10101011
10101011
10101011
10101011
10101011
10001011
10001010
1001011
10000011
1000101
10001010
10101010
10001011
1001010
10001010
10101010
1010101
10011010
1010101
10101010
10011010
10111011
10001011
10101010
10010010
10001010
1000101
10001010
10001010
10001010
1001010
10001011
1000111
10011010
10001011
10001011
10101011
10101010
1000011
10001011
1000010
10001010
10110010
10001011
10001010
10111011
1010010
10101010
10001010
1001101
1010010
10001010
10001010
10001011
10111011
10101010
100001
10101011
10001010
10101011
10001010
10111010
10011010
10001011
10001011
10001010
10100110
10001010
10101011
10101011
10001011
10101010
10011010
1001011
10001010
10011011
10001010
10001100
10100010
10101011
10101010
10101010
10111010
10101011
1001010
10001010
1000010
1001011
10100011
10100011
10100011
10100011
10001011
1011100
10011111
1000011
10011011
10001011
10101010
10101010
10001111
10001010
10101011
10001010
10000010
10010011
10100100
10101100
10101010
10001011
10101011
10001010
10101011
10101010
10001011
10011010
10101011
1000101
1001011
10011011
1010011
10001010
10101011
10001011
10101011
10001011
10011011
10001011
10001110
10001011
10000010
1000100
10001010
1010011
10001010
10001011
1010010
1001010
10101011
1001011
10101011
1010010
10001010
10101011
1001011
10101010
10101010
10101010
10001011
10101010
10000010
101100
10001010
1011010
10001010
10001010
10001010
10101010
10000101
10101011010001
10101011
10101101
10001010
1000101
1001010
10101010
10001011
10011011
10001010
10011011
10001011
1000101001001011
1010101010011011
1000111010011011
1000111000001010
1010011010111010
1010101010101011
1001110101101010101
101001100100101001010
101111001011101011001010
10100001010001011001010
101011001010101011001011
10100001010001001101010
10100101010001001101011
10100110101000101110011
101001001011001001001011
10011100101110001001011
100010101000001000011
1010011010100000001010
101001101010111010101010
1010010101000001001010
10101110010011011101010
1010001101100101001011
10101010101001010101011
101011101000001110101
10101001011100001100011
10001100101010001001011
10101110101110100110100
10001101010101001101011
10101101010001011000010
10001101101010101101010
1010010010100101100010
101011101010000000101010
101001101010100001101011
10100101010100011001010
10011001010100000100010
10100110100001011101010
10100110101001100001010
10100110100000001101010
101001010100001101011
100001100100000001010
1010110001000011101010
1000011001000011001011
10100101010100011101010
100011001000000010110
101011101010001001101010
10100110101000101000100
10100110101010000001010
10100110100101001101011
10011001010001011101010
10000110101000001101010
100001101011101001101011
101001101011000011101011
10100000101100010101110
10000101010100010101011
100010011100001001010
1001110001001011101010
1000110010001000110100
101001101010001001101011
10000001011001001101011
1000011011010100100100
10001100101010001001010
10100110101000001010011
10111100101001011101010
101010101011000011101010
10000110101000001110011
1000110101000111101010
1010011000100001100011
10101100101001011001011
10000110101001011001010
1000110010100010010100
10101101010100011101010
101001100100111001011
10101101010001001101011
10100110101001011101010
10001100011101011001010
1011011010100101110010
10100110101010100110010
101001101010000011001010
10101100010101011001011
10100101011100101111011
101010010111000110100
10101100101010100101010
1001000101000011101011
100110101010101101010
10010101011000001101010
101011001010000001101011
1010110010111010000011
1000010101010100110011
1000000100100101001010
101001100000011011011
1011110010110100110101
1000100100100010001
1010011010000101110100
1000110001011010101
1000111010010000110100
100011000010100100100
1010011010000001010100
101001010010100110100
1000011010011001100100
10100010101100011100
100011101000000100100
10100110000000110100
100001101100110100100
10001101000101100101
100010110010101110101
1001110010000101110100
10100101000101110101
101001001001100100101
1000000010000010100100
101101101001101110100
100101001011000110100
101011010001001010110
1010010010010100110101
10101100100010000101
100110010010001110000
1010110010000100110100
1011011010010101100100
101011101000100110000
1000001010100100110101
100001101000000010111
100011001001010110001
1010010000010101100000
10100010000101110101
101110010000000110101
100011001000001110100
101010010010000110100
1010111010000000110101
1000111010011001110100
10011001001001110101
10000101000001110000
10100001001101110100
100011001000000011000
1000010010010100110101
1010011010000100110100
10001110100000000000
101111001010010110101
1010010010000001100100
10000110100000010100
101011101000000100101
10001010000010100101
10001001011000100100
101010001010000110101
1000111010000001100100
1010110010110101110101
1011000101010011
1011000001001010
1000101011001010
1000101010001010
1000101010101001
1000101000101010
1010101000101010
101010111001010
1010101000101011
101010100000010
10010010101010
101000101100101
100101100111011
1010101010001010
1010001010101010
1001101000001010
1010011010001010
1000101000100011
1010101100101010
100001000111010
1000101010001010
101010010101011
1001101010011011
1000101000101010
100101110001011
1000101011011011
1000101010001010
10100100001011
101101001001011
100010100001010
10100100001010
100101010001011
1010101100111010
1000101100001011
101010100001010
100010100101010
1011101100001010
1010101010001011
100010100001010
100101100000101010
1011100101010101110
10001101010100100
1000101110100100010
10010110101000001011
100010111001010
1000111010101011011
10000110001010101010
10101010100100
10101110101000101010
1010011010101100010
1011101001001101010
10100110101010001010
1000101001010101010
1010011010011001010
1000100000000000
1010001000000100101
1010000100101001100
1001000000000110101
1000101000010000000
10100101010010010100
1010111010010001010
1010111000101001101010
100000010010001011011
10101001000000111010100001010
1010101000101010
1010011100001100001011
10101001010110100001011
10001011000010100001011
100000000100101100001011
100010100011100100
10101001100001110101
1010110010010101110100
1000111010000101100101
1000001010000101110100
1000001000110110100
1011011010110001110101
1000010010010000100100
101111001001000100100
1000011010010100110101
1001010010011001100101
10101001000010100101
1010011010110100110101
101001010000100110101
10101110101110000000
101010010010000100100
10100001000010010101
1000010010000100110100
10101010
10001011
100001100011010
101010101001010110000
100001101001000010111
10101110000010010100
10001110101101010000
1010011010010101110101
101011101011000001101011
10101100100000011101011
10100101010101011001010
1010011000000101100100
100001011010001110100
10101110100010100101
101001101001010000100
1010010101001001101010
1000100100000100101
1000011010010001110101
10101010001010110100
1010110010110101100101
101000001001010
100001001001010
10101001000001100
10011101000001110101
101011001000001110110
100011010010000110101
10001110101101001100100
1001110010000000110101
101101110110010
10010110100010
101000010010001010101
1010110010011000110100
101011101001101110101
101011001011010010000
100110010000001100101
100011101000010110100
10001100100001011101011
1000101000011010
1010101001011011
1000111010000001100101
101011101000010010100
1000111010001001110100
10101001000011100100
1000100100111010
100010101011010
100110000000101
100001000001000
1000100000010101
1000010000000
100010101100101
10100000110000010
1010000001001010
1001011010010001010
100000011000001010
1000100100100011
1000111010100101010
10011100100100000
101001010001001101101
1010001010100100100
1001010100001011001011
100010111010101011101010
1000001010011011
101001000101011
101010100010100
101010100001011
100010101000010
1000101110001011
101110100101010
1000101000101010
10101000010010
10000111000010
1010110010000101100101
10101100101010000100
10001110000010110001
1010110010010100110100
1000010000100110101
1000011000000001100100
100001101000000110001
1000011010010101100101
100001101000001110100
1010110010000001100100
101011101001000000101
100111010000100110100
1010000100000010100
10001101001001110100
101001010010000110100
100011001001001110110
10010001001010110001
100001001010001100101
1010100010000010100
10100010110100110111
1000110010010001110100
101011101000010111000
1000011010000100110101
1000100010011010110100
100011001011100101101010
10000110101000000001011
101011101011000001101010
100110010110000001010
1010111010010000110101
1010011010010010110101
1011101100001011
1000100110000
1000101010011011
10101110001011010100
10001110001000100110
100111001000001000100
10000100000011100100
100011101000000110101
10100101010000001001010
100011010000110010011
1001000101000100110011
10101100101000001001011
100001101010000011000010
101001001010001011001010
10101100101001100101011
10000100101000011111011
101011101010100001001010
1000110010010000110010
100011101010100011101011
101001101010101001101011
10001100101100001001010
1010011001100101100101
10100110101000111001011
101001101010101001101010
1000000101000101101010
100001100010000111000011
10101110101001011001010
100011101010101011101010
101001101011101101101010
1000010100110001101011
100001101011000011101011
10001101010101001101011
100001100010101001101010
101010101010000011001010
1010000101000011000010
10100001010101001101010
101001101010100011101010
101101101010101001101010
101001101010101001001011
101011101011101010001011
10100110100101001101011
10001100101010011001011
1000110010010101100101
1000011000000000100100
1010110010110010110100
1010011010010100110100
1001110101000001101011
1010011010100001100010
10100110101000000101010
10010110101000001100011
101011001011100001101010
10000110100001001101010
1010011010010100110100
1000100101001011001010
1000110010100101001010
10000100101000101001011
101011100010001011101010
1010011010010100110100
1010110000100100110100
1000110000100010001
100101101000001110101
1000010000010010100
10000101001000110100
10100101001010010101
1010010100001000100
10100101000010010001
1000101001100000100
1010110000011101010100
1000010010010100100101
1011110010010101100101
100011000000101110100
10101100011101010101010
101010001001001010101
100101101011101011001011
101000010010001011010
1000110000000010100101
100110000100111000011
101010101010000001101011
100101101010001011101011
10101100101000010001011
100011100100100110010
100101101010001011001011
1000110010101001000011
10101010101100100001011
101001000100001010010
1010001010100011101010
101000011101000001010
1010011010000010110100
10001100101000001100101
10100110010100001100100
100010010000001100101
1000011110110000100100
1001110010000100110100
1010011010010101110111
1010011010100101100101
10001100101000011101011
100010010001001100101
1000011010010000110101
1000111000010100110100
1000100010000100101
100000010001010010111
1000110101000001111011
1000011010100000110100
1001010011001011001010
100101000001001
100110101010010
1000101110101110
100011010000001110101
100000100010011000
1001011010110000110101
1010101010101010
10011010000111010010
10010000101010
10000100001011
1010101000111011
1001101000001010
101000101001011
1000011010011010
101011101001000110100
101010101011010100101
1000111110000000111100
1000111110010000000101
1001110000010100010101
100000010000001010110
101000010010100110100
1000111010110000110100
101001101000101010100
100010010010001010100
1010100010001100100
1001001001000010101
1011100000000110100
100011101010010011001011
10001100001010
1000101010001011
101001001010000111001010
1010011000100001101010
101011100110100001101010
1000110101000101100011
100011001011100001001010
1001000010010001001011
100001101011101010101010
10001100101000100110010
1000001110100001101010
101010101010101001101010
1000111010000110101011
101011001010101011001010
10000100100101111101010
1010010010100100110010
101011001010101001101010
100001101010000011001010
100011001010110001101010
101001001010101011001010
1000010010110101101010
10001100101100000110010
101001001000100110101
10000100010000110100
10001010010000110100
1001011010000101110101
1001110010100101010101
1010110010001101100100
100101001000000111001
1010101010010110110100
1011111010000100110101
1010011010110110110100
1000111010000001100101
100000010000001100100
100000101000000101
10101111100000100101
100001101000101100100
1000011010010000100111
101011101000000010100
1010110000000110100100
100001101011000011000
100101101000000110101
1000111010100100100100
1000011010100100110100
100010010000000110101
100001101010000110100
101001101001000101001
10000110001000010100
1001010100001110100
1010011010011001100100
100001000100000000
100110010010101100100
100111011110101100100
1010110010100000010101
1010110000100011101010
100001101010000011101010
10000110101110000110100
100011010010101110101
10101100101001001110000
1000110101001011000011
1001110101010101100100
10100101001101010100
10101100010000001101010
1010100101110001001010
1000000101110101001010
101010011101010010100
1011011010000100110100
100100101010001001010
10000011010000001100100
10101110101100100101
1010111110010001010101
100110010010010100100
1000011010010101100100
101010010010001110101
100011010001001100100
10101001000001010101
101001101001101011100
1000111000110001100100
10001100010001100100
100101101000001010101
1000111010001000110100
1010011010010101100100
101100010100000110101
10001000001010
1000000000010
101001001001001110000
10101110100001110001
1010010010010100110101
100011100000101100100
100000101100100
1010110010000100010101
101011001110001001001011
100100001011011
1010101010101011
1010010010010001100100
1000011001011010
100001000100011
101011110110110110100
101010010011011
1001000010011010
100101110101010
10001010001011
1001101011011011
1001101010011011
1001101010111010
101010111001010
10001010100011
1000101010101010
1000010010010110100100
101001101000010010101
100011101000000100100
100011100000010000101
100001101010000111000
100001101001010010110101
1000111010000000110100
10101110010010000110101
1010011010001001100100
101001001000001110100
1000111010000001110100
1000101000101011
1010101010101011
10011100111000100100
10001101000111100100
100111001001100010101
100010100010010100
1010011010010101100101
1000011010101000100000
1010011010110110110100
1000011010010101110101
1010011010110000100100
1000010011010110001
1010011010000100110100
1010111010100101100100
1010011010001010
1000011000001010
101001101010101001001011
10000110101100100001011
100001101011100101101010
1010000101000100101010
101011001010100001101010
10000110101011001011010
100011000010101001101011
100010101010001001101010
1000110001011000100
10100110101010001101010
10101100101010011101010
100111001010101011101010
1010100101110101101011
1000110010001011101010
10001100101001011101011
1000110010000001010100
100010011101010100
10000110000100011101101
10010101011
1010111010100000101011
1000101000010001101010
101101100011000110100
1000011010100001101010
10101101010010001101010
10100101010000001101010
1011011010100101010100
1000110010010100110101
1000011010001111100101
100101011000110100
10001001001010000100
101011100110101010100
101001101000000110100
10001100000001010101
101010110010000100100
1000011010010101100101
101001001000010011001
100001010110001110100
101011001010100011001011
10101110101100010001010
100011101010101011101010
10101110010100001101011
101011101010000011101110
10101010100001001101011
1000011010010101100100
1000100110111010
101001011001010
10101100101100001100100
1010010010110011100101
10000101000001110101
10010000100100100
10011010000011001000
101000010100000110100
101111101010101011001010
10101110101000011001011
100011001001001100010
1000110010100001101010
101001101101000110101
1000101101001011
1011011010001010110101
101001001000001110100
101011101011011111101010
101010110011010
101011000010100110100
1011110010010100110101
1000111010000010110101
1010110010100000110100
10000110100100000101
1010011011011001110101
101000010010011110100
1000111011000101010101
1010111010010101100101
1010110010001011000
1010111010100101100100
101000010010100
10011100100000100
1000001001010101
100011101001001100
10011001001000000000
1010011010010001000101
1001010010000100110100
1000011010100001100101
100010001000000100101
100000010010010100100
100011001000010110100
1000110000111000110100
1000110101100000100
101011001100100011000
100001101010011
1000010000001011
1000111010000001110100
101010010010100110101
1010010010011011100100
10110001000000010101
1010111010010101100110
1011110010000001100101
101111000100010100101
1000110010001001100101
100011101001000100100
10100100000000000101
100001101011001001010
1000111010010110110100
1010001000000110101
100001101010000001101010
10100110101001001101010
1010011010010100110100
1000011010100001100101
1010011000100000110101
101001100000001100101
1010110001100100110010
10000100100101001001
100011010110001010101
10000000110100100101
10010100010101110100
1010110100011001100101
101001101011101111001010
1000010010000011100100
100001010101011100100
1000011010000100110100
100010101010010
1001010000011
100110100001011
1000101001011011
1001101110011010
100101000001010
101000101001000100101
1001101111111101000
10110101010001010100
10011010100010101000
101001101000010011000
101001000000001110101
1010111010000011110101
100001101010001001101010
101011001010001011001010
1000010010000100110100
1000111010010000010101
1000011010000001010100
100001010101001100101
1000011010010100110101
1011110101101000101
101001101011010011011011
100001101011000110100
1001011010100011101011
1000011010011101100100
1000101010110011001001
1000111010000101100101
101011101001101000100
100011000011101010100
10101010100010
10000110011000000101
10100110010101101100100
10100110111100000100
100110010010011001011
1000110010010100110100
1010010101110101101
100011010110100110001
1000111010000001110000
1000110101010101100100
100010010010001100101
100110010100101100101
1010101011001010
100101101001010000100
100011101000000110100
1010010101001001101011
1001001010001010101011
10101010000011
1011101000111011
1001101000001011
1000101000101010
100010111100101100001011
1001100010001010
1011110010011011
1010101001001010
10011010100000101011
1010000101010001101011
10010110101010000110100
100011100010100111100
1010010101000010001010
1001101000100100101
1000011010110000101
100011001011000011101010
100001011011010
10000110101000100110010
1010110010011001010100
101011010011011
1000001010101010
1000101000111010
10001001100011
10101001001010
10001010001010
101001001011010
10010010001011
1010111011011010
101001000001011
100011001010100110
1011010110101100000
10000110100110000001
1000111000001011
100110101100011
100011010001010
1000110000001010
1001101110011011
101101100011010
100110101001011
10110111100010
10010100101110
10110110010100
10010110000010
101001100000101
101001101001100
1000011000001011
100010110011111
10010100100100
101011001000100100
10011010
1000101111011010
1010101000001010
101010100000010
101010011001011
1010100110011011
1000011010010100100101
1010111010000100110101
101001101000001110101
100000000001010
1000101111001011
1000101111001011
101000111001010
10001101100010
1010001010001010
10100111000101000011011
10001110010101001101010
101011101010001001101011
1000100100110001110010
10001101001011000101
10101110100000010101
1010110010000101100101
101001001010000011101010
10001011
10101010
10101010001110101010
1000000100011111
1001101010001011
100000100011011
100001010111011
100000010001011
101010011001011
1010000010011011
1010101010001010
100001101010100011001010
101001101000100110101
1010110010000100110100
1000101100001011
1001011010011000110101
1000111010010001110101
1010111010110000110101
1010111010010001100101
1010111010010110110100
10001101
1001011
10001011
10001010
10011010
10011010
10011010
10011010
10011010
10011010
10101011
1011011
100101110100010
1000111000111010
1011100101100
101011101010011
1000111010010010110101
1010101010011011
