10001010
0100010
1000010
11001010
10001010
0001010
0011010
00001010
10001010
10101010
00101010
00011010
00101010
00001010
1000010
10001010
10001010
00001010
10001010
0001010
00001010
00001010
0001010
00001010
11011010
00101010
10001010
00100110
00001010
0001010
01101010
00001010
00101010
000010
10101010
00011010
0011010
00001010
00001010
00001010
00001010
00101010
10101010
00001010
10011010
01011010
01001010
000010100111010
1010101110100010
101010100101010
0011101000101010
0000101000001010
00011100100010
1000101010001010
100010101001010
0000010
11001010
10001010
00111010
11001110
00001010
10011010
1000010
00101010
01001010
00101010
10001010
00001010
10001010
01001010
00001010
11011010
00101010
00101010
11001010
00001010
00111010
00001010
10001010
01001010
0010010
00001010
00000110
10101010
00001010
0100010
10101010
00001010
00001010
10111010
01001010
00001010
01001010
0001010
0100010
01001010
01001010
00001010
00001010
11001010
00011010
00001010
10001010
10101010
0010010
01001010
10001010
00001010
00011010
11001010
00101010
01001010
11011010
01011010
0100010
00111010
0010101100101010
010010
100001100011010
000010000001010
10001010
00001010
0000010
01001010
10101010
01001010
0001010
0001010
0001010
10101010
10111010
00111010
0101010
10101010
00101010
00111010
10101010
0001010
0101010
10001010
10011010
10001010
00101110
10111001001010
10111001001010
10111001001010
10111001001010
1010101111011010
101001010
0000010
01001010
10001010
1000010
10101010
10001010
1001010
00001010
10101110
1001010
10001010
10001010
10101100101000111001010
100001101010100101101010
1000010010010011101010
0010000100000111001010
00100110010100011001010
0010010101010100101010
10000110101000011101010
101001101010100001101010
00001110100110001001010
001011101010100001101010
00000110010010011001010
1010000101000001101010
1000011001000000001010
000001101010101011101010
000000101010010001101010
101001101010101001101010
000001010100010010
1001011001010101010
00100110101010001010
0000010101001011010
00001110101000001010
1000110101010001010
00101100101000001010
001001001001001010
10001010
10001010
00101010
10101010
10001010
00101010
00101010
00101010
00100010
11001110
0001010
10001010
00101010
10101010
00001100101000101010
0010111010100001010
00101110101000001010
0111100101100001010
0000111010010101010
000001010100001110
1010111001010001010
101011001000001010
1010111010100001010
100110001010010
0000000101000001010
0000110000100001010
01000010100001010
0100111010100001010
00111010
1000010
10111010
00100010
0000010
11000110
00001010
01101010
00101010
00101010
00101010
10101010
00101010
10001010
00001010
0000010
1001010
0010010010100001010
101011010100000010
100011010101001010
001001100100000010
1110011010101011010
001110000001010
000010100001010
1001101100001010
101001011001010
10001110
00101010
10101010
00001010
1010010
00011010
1001010
10101010
10001010
10110010
10101010
1010110100000001010
00001100101010100010
0000110101000011010
1010111001000001010
1000011010101001010
01010100101110001010
00000110101000111010
1000111010110001010
000110111010001010
001000001100110110
1100110010100111010
101001100101011010
1000100110100011010
00111101101100101010
0000111010100001010
10010110100010101010
0001101000111010
00101010
00001010
0000010
00001010
00101110101100000001010
100101001010100101001010
001001001010100001101010
00001110101001011101010
001011001010100101001010
001001101011001001101010
000011101011000011100010
00100101010001001101010
001001101010000110001010
000001100010101011101010
101000010111010000010
001001001010101011101010
001001101010101011001010
1001010011001011001010
00101100011101011001110
0100100101001011001010
00101100101010100110010
101011011010101101101010
000011101010010011001010
10000001010001001101110
00100011010100000101010
00001010101010110101010
10010101010000000101010
1000011001000001101010
0100100101010101101010
100011101010101001101010
00101100101001001111010
0101101101010011100010
00101110101001001101010
0100110001001101110010
101000101010001011001010
110011000100101100010
101011001010000011001010
101001001010001101101010
0010011010000100001010
1010011010000010110
00100101001010000110
010111010000010110
1010110010010100010110
100000100011001010110
1010011010010100110010
01001100011000001001010
10000110101000101001010
00001101010000101101010
1000001010000011101010
100001101010101001101010
00101101010001001101010
0000110100101001101010
101001101010111011001010
101011001011101011001010
10110001010000011101010
0010010100100000010
101001100000010
0100101001001010
1010101010011010
0110101100101010
0000101000110
00001000000110
00010000001010
10101001000010010110
1000101001001010
1000101101001010
1000101000011010
1001101001011010
000010100011010
00010110100010
100010100001010
100010100001010
000010001001010
0010101000001010
010101110001010
101001100101010
0000101000001010
1100111000111010
1000101110011010
0000111011011010
1001101000011010
0001101000111010
1010001000101010
11101010000010
0010101011001010
11101001011010
110101001001010
001010100001010
0000101010101010
1010101000101010
0101101011001010
000010101001010
00101100101100001001010
001001101011100011101010
10101100010101011001010
0010110110100100001010
0010101000001010
100101010101010
00111011001010
0011101000001010
0011101010001010
001000100001010
100001101010000010101010
01001101011110001101010
001001100010101101101010
10000110010001000101010
001010101010110001101010
00001110101000011101010
001011101010101011101010
0010010101000000101010
1100101000101110
1100101000101110
000011100011010
00101110101001011101010
1010111101010111001010
000011101010000010101010
1010110010100001101010
100010101011001001101010
11000100101000100101010
0000110010100001100010
000001111010000011101010
110011001010100001101010
101011011000110
1100101010101010
1101101011001010
000001100010010
00010100001010
010101000011010
0011010000010
000101000001010
010010101001010
010001001001010
1000101011001010
100011000110010
0001101101001010
000011001011000011001010
001001101010100101001010
001010000001010
0000101000101010
0100101000101010
0000101010011010
100111001010111101001010
100001101010101111101010
11011100100100001101010
001001001011000011101010
10000110011000001001010
110011001010010011001010
10001110101010011000010
000001100010101001101110
00000100010001011011010
0010101010011010
10000000001010
1100101001001010
100111010100010
00001110000010000110
101011101010001001101010
00000100101001001101010
00010001010000101001010
000001101010000001101010
10010110101000001100010
00100001110000011001010
001011001010000011101010
10100101011001011101010
000011001010100011101010
010001101010000011001010
00101100101010011001010
101001101010000011001010
0000110101001011101010
10000100001010
001011010011010
1000101000001010
100001010001010
1000101001010
0000101000001010
0010111001101010
10000001010010
10001100011010
000011101010010001101010
0001001010010001001010
101011001010110001001010
100001001010100001000010
101011001011000011101010
00000110101000100101010
100101101010000011101010
00101100011000001101010
001011001010000001101010
01000100110101101101010
1000110100100001101010
00101001011000011001010
001011001010011001001010
001101011110001010101010
1011010101000011001010
00001100101000011000010
100011101010110001101010
10000001010101101101010
000011011000110110010
010101101010000101101010
00100110101000010001010
00100110101000000101010
001001001011100001101010
000011011010100001001010
001011001010001011001010
01010110101000101100010
00100110100001001101010
1000010010000100110110
100011101010100001101010
10000101010100011101010
0010000100001111001010
101011101010000011001010
0000110000000100001010
00101100101000001001010
000000010010100110010
001001000011101011001010
10001100101010101100110
100011001010101001101010
100101101010101001101010
100101101010100011001010
00000100000010
0101101110001010
100010100101010
101011010010001110110
10001100100000010110
001011001000010100010
10101010101000101001010
01101111001001010
1010101100101010
10110111010100001010
111010101010000110101011001010
011001100100010010
1010101000101010
10101110101100010110101000101010
01101100011001000110
000001000101110
101000010101000100111010000110
1011011010101101010
11001001010010
100110101000100100101010101010
111010000001010
100001100100000110101010001010
1001011010010001110
0000101011101010
0010111010010110110101001001010
0010011010100001010
1000001000101010
100010111001010
100010010101010
000010101110100011100100100010
00001110101000001010
0110011010100001110101110101010
0011001000001110
01010100001010
1010110011110011010
001001010000110011101000010
01001100101010001010
0000101000001010
010110101001001100101100001010
00011100101000001010
1010101010101010
101010010100001010
00001010101010
00111100101010101010
10101110101010001110101000101010
101011100100010010
00100110101110001010
0000101000011010
0010011001000101010
1000100101010101010101001001010
1010011010100100010
101010011001010
100001101000010111010100001010
0001010101000111010
1100101110101010
101011000100000001101011011010
1010000101000001010
0010110001010101100101010001010
000110101000001010
000000100001010
1010101010010100010001010100010
1011001010101010001010
00010111000110
0010010010100010110101000101010
10101000101000101010
00001100010010
00000100111000101101101010011010
10110100101011001010
1000101000101010
0000110010100001010
0011110010101001110101011001010
100001100001010
00100110111010101110101000001010
0001101110101010
001010010101001110010100001010
1000100001001001100101000010
00010100101001001010
000010100000010
10101110101000101110101000101010
101001100100001010
000010000001010
10001110101000011000100000010
1000011010100001010
1010110010000100110101011001010
000010100001110
100101000010101001010
10001110101001101010
000011100001010
01001100101010101110101001011010
001010110100011010
01000101010000001010100001010
0001101000001010
00001000101010000010101001010
1010010101000001010
10000010001001000010101000010
10000110101010001010
1100101010001010
1001110001001001100101010010
0100111010010000010101100101010
000001100001010
000011001001010111001011001010
10111100101010001010
0000010001000111001010
00001100101100011001010
11101100101001001100010
00100001010001001101010
1000011010100000001010
101011001011101001101010
101011101010101101101010
10101110101001001101010
11000110101010101101010
000000101010000001001010
0100010010101101010110
001000001010000001001010
001011001011101001101010
001101110101000001101010
001010011001010
0000101011001010
1000101000001010
100010100101010
0000101100101010
0100101000001010
1010101010001010
0000101100000010
0100101100001010
001010100100110
10100110101000100101010
0010000101000001100110
00001100101100100110010
001010001010101001101010
101011001010001001101010
101001101011101011001010
00101001010001001101010
101001101011101011001010
00100011010000001101010
000011000010100111001010
10101100101000011001110
10001100101000011001010
1001110010000011001010
101011101010
100001001010101011011010
1010110010100101100010
1010110010100101100010
101011001010100010101010
101001000111001011001010
00110100100100110101010
00001101010100011101010
10100101010011011101010
001001101011101001001010
101011101011101111001010
1000011010000001001010
010000101011100001101010
001010111010101001101010
10101100101000001101010
000000101010010001101010
100010000111010
0000010010100100001010
101011001011101001101010
001001101011001001101010
000001001011100001101010
10101100101000000100010
10101100101010001001010
1000110110100000000010
001011001010000001101010
0000110001000001101010
000011101010000001101010
00101001010001001101010
001011001010111011101010
0010111010110010001010
01001101000101110010
000000011000010
00001101011101011101010
00000110101010000110010
000001101010101001101110
0000110101000001101010
0000110101110100101010
00100110010000001101010
10101100100001001001010
00001101000101001101010
1010010010000000010
000010101010001001101010
101011001010101011001010
0010010111000100010
00000110101010101001010
0000101000111010
0010101000011010
11011010
00001010
00011000000011100110
00000101000011101010
10000000101010
1000101100001010
0101101000001010
1010101010101010
0110101001001010
001001000010100110110
10000001010101001101010
00101001010010011100010
101001101010000011101010
010001101010101001001010
001000010000010110010
0010111010000010110010
1000011010000010110010
1110011010000010110010
1000110010000010110010
1000110010000010110010
1000011010000010110010
101000010010100110110
101010010100010
11001010
000010010001010
1010101010111010
10101010
10001010
00011010
00101010
10011000001010100110
101110010101010
000010001001010
1010101010011010
01001010001011001010
10100111010000111101010
10100100101010011001010
101001100001000111010
0001100101000011001010
00011100100101000010
010110101001011101010
11011101010001011101010
0001110101001011001010
100001001000001001010
001011101011100011001010
1001100101010011101010
001011101010000011001010
00001100101001011101010
00100110110001011001010
10001110101000000100010
00001000101010101001010
00100100100001001101010
101111000000001010
0000101010101010
101101010001010
0010101010001010
10101010
10011010
10101010
01001010
11001010
0101010
00101010
11000010
10101010
0010010
00101010
00101010
100010010011010
10000101001010010110
011001101010101011101010
101011101010101001101010
100011101011010011101010
10101100101101001001010
0010001011000101101010
1010111001101000001010
000010010100001100010
000011101000100000110
0001110010101010
00001001010101001001010
110011101011001011001010
00001101010101011101010
1100001010100000001010
101101001010101001001010
101011001010000001101010
000000101010101011001010
000001100100010000010
10101101010100111101010
0010011001001011101010
0000011010101010101010
1000011010000100101010
10001100101100001101010
100000001010010011001010
101011101010101011001010
100011001010100001101010
010101101010000011001010
0101011010100001101010
000001101010001001001010
00000100101010110110010
01011101010100001101010
000001101110100011001010
000001101011000001101010
1010001010100010101010
10000110101000001101010
010001101010011001101010
001011001010101011001010
1001101000001010
010001010011010
0000100000001010
00101100010101001101010
00010110101011001101010
0000000101110100110010
000001101010001011001010
001001001011101011001010
00011100101000011101010
0010110010100101101010
00110110100101011001010
00001100101000101001010
0010110100000001101010
00011100010001011101010
10001110100000100110
1000010101000011101010
001000010101001110010
110111011010010010001010
00100100101010001001010
100010010001010
000110101001010
100001101000010
000110101010010
000010100001010
01010000001010
10100101001010
0001101011001010
0000101000001010
0000101010101010
0010101000001010
10111110101010100101010
010011001011000001101010
001011000000101110110
000011101011000001101010
000011101010001111101110
011001101011000010111010
00001110101001101101010
101001001010001001101010
001001001010100001001010
001011101010001011101010
00000100010001001101010
000001101010000001101010
100001101010101001101010
000001101010000001101010
001001000000011101010
010011101010000001101010
100001101010001011101010
0010101001111000101010
1010010010100110110110
0000101111001010
100011100000010
010010000011010
0101101001011010
00001100001010
1000101111001010
0000101001001010
010010101011010
10101000001010
110011100001010
000010000111010
0001101000101010
010010100010010
0001101010001010
000110010101010
0000101011001010
100010100010010
10000010001010
100010100011010
010110000101010
110001100101010
0000011010100000010
000011000100010
0100111010100110110
1100011000001010
0000110001010101010
100001001001010
0000101000011010
000001101110001011001010
00001010101100001100010
0010101010001010
11001001100010
000010010001010
000010101001010
100010000001010
0001101110100110
00010010101010
100011100101010
1000011010001010
1000101010001010
10100100010100011101010
1010011011011010
100101101010111001001010
100011001000101110110
0101010010000101110110
000011100000100110110
000101010010000100110
000010101001010
0010101000001010
0000101011011010
0010101000101010
00100010011010
0001101010001010
0100101010101010
0100101010001010
100011100100010
1010101100101010
00010010001010
10000100100010
110001010001010
0000101011001010
010010100111010
0000101000111010
0100101001011010
0000101000111010
10000000001010
010101001011010
00100110100001010110
100010100011010
0011101000001010
0000111001101010
0100101010001010
001010100011010
1100101000011010
10110100101010011101010
1000101000010
10001000001010
1000101001001010
1000101000001010
100001101011100101001010
1100111010010000110110
001111001010100011101010
000010100001010
1001101011001010
1010110100000000110
100001101000001100110
0101101010000001100110
1101101000101010
0010101010101110
000001110101110
10101100101010011101010
001001101011101001101010
001111101010101001101010
001011101010101001101010
1000001001001010
0010110000001010
0001011010101110
1100101000001010
000110101000001110010000010
00100001100000110110
1010000001010000110
100101010010000110110
10100110111010100101010
000110000001010
0100101011001010
0001101010001010
10101010
00001010
000010
00011010
0000010
00001010
01011010
00001010
10001010
10101010
01001010
00001010
1100010
00101010
0010011010100100110110
10100110100101011001010
1101011010010100110110
00110100001010
0100100011000101100110
0001101000001010
00101000001110
001010000001110
1010101011001010
1001101000011110
1100101010011010
1000101010001010
1000101000001010
10000011001010
0010101010001010
101010101001010
00000100010010
100001100101010
000010000001010
10010100101010
000101000011010
1000001011001010
100001111001010
100010110010010
0010101100101010
0010101100010
001010101001010
0100101010001010
0000101010001010
1000100000001010
11000101001010
100010101001010
00000101001010
000101001010
100010100101010
10001000010010
1010101000001010
00001010010010
1000101001001010
10010000001010
1010101100101010
1010101010110010
10000100110100110110
10000110100101001101010
10000110101001001101110
001011101010001001101010
110101101010001001101010
1000001010100001101010
0101011001100000001010
1000101010111010
1000101000001010
10001101010001011001010
00000110001010100110010
1100110001001001100010
001001101110010000010
1000101010001010
001001101001010
0100101000001010
001010000001110
0100101011011010
0001101011001010
010010010001010
1100111000001010
100001011001010
100110100001010
0010101010011010
0100101011001010
00100110101000001001010
100010100001010
001001000101010
1100101110001010
001010100001010
00011100010101011001010
100011001010100001101010
00101001010000011001010
10011001010101001101010
101001101010010111001010
100011001010110011101010
10001100010000010010
10001100010000010001010
0000100010010001110010
0101101011000010
101010110101010
100001001001010
1000100010001101010
1000011010000100110110
000001100010010
0100101000101010
0010001000000110
1010101000001010
100110111000010
0000001100001010
0000101001001010
0110101010101010
000001000101010
1000001010001010
100001001001010
100000011000010
0000111000101110
001010100000010
000101010001010
10000100010010
1010001001101010
000010100101010
1100111000101010
0001100010000011101010
0001101010001011101010
00010000000010
010001010101110
101010101010010
101001000001010
101001000101010
000101001011110
000001000001010
000010100001010
1000001000001010
00001010101010
101001101011001001101010
001001101011001011001010
10000100010001111001010
00001110101001011001010
101001101010101001101010
00001101011010001001010
0000101011011010
010001010001010
0000101100001010
10101010000010
00001001001010
100001001010
00001000001010
010110100100010
01000100011010
000010100011110
0010100101010
010010101010010
1010101001001010
000010110000010
0000101010001010
10001011010010
0000101000001110
001001011001010
0101010000010
1010001100011010
10011000000010
0000101010001110
1000101111011010
0000111000011010
1100000000001010
0010101000101010
0000101011011010
0001101001001010
0000101100101010
10001100001010
0011001000001110
00010001001010
010110110010010
11100110101110000110010
01001010010110
010001010011110100110
1000101100000000110
101011100010101001010
00001111101001111010010
00101100101001000100010
00101100101001011001010
00010010101010
101101001001010
01010110101010
000101110001110
001001101010101001101010
100110010010110110110
101011000100100110110
100101010001010
100010110101110
001101011001010
101010100001010
1000101010001010
1001101000001010
000000011011010
000000011011010
1010000110000101010
1010101010010001100110
001011000010001100110
0010110011000001110110
001011001000010010110
10001100101001011101010
10011110101010001101010
10001110101010101001010
01001101010001001100110
100111101010101011101010
00000110101100001110010
001001101010001001001010
10101010010101001101010
10110001011101011001010
100001001010101001101010
101010000100001101010
10100100101010011000010
00011101100101001101010
101001101010100011001010
10000110010001001101010
101111011010001011101010
000011000101010
00000101011110
000010010101010
11001000001110
0000010010101000101010
00101010
00111010
00001010
1001010
10100101010
010010101010
00101010010
0100110101000001101010
101001100100100001010
0010110010010000010
0001101010101010
000010101001010
110101010101010
00001010010010
000110101100101101001010
110010010001010
1010101000011010
11001000000010
000000100000010
00001010001010
1100101010011010
0010101000101010
1011101000001010
1100101100000101000010
10001010101101001010
00011010
0010011010000001010
10101010
10001010
00001110
0010010
10001110101110101010
0010111010101000101010
010011001010111101101010
0000110001000111010010
1010100100100001001010
01010010100000111101010
100111001010101001111010
101011001010011011101010
0000011001000101010
00101101001010011010
0000000101000101010
110111110010011010
00101101101010011010
00000110111010101010
00100110101010101010
10000110101001011001010
100011001010001011001010
100011001010100011001010
00000101010000011101110
0000011001000001100010
00100110011001011001010
00111001011001011001010
001001101010101101101010
001111001010001001101010
00001101010101011101010
1010110010010101100110
001111010001100110
001001101010000111001010
010001001010001011001010
11001010
00101010
01101110
10001010
00011010
1010010
10101100101000101110
1001010
00101110
10001010
11001010
10011010
0101010
101001101010000011001010
000001101010001101101010
001101101010001101101010
1101000101100000110010
00100000001010
001010010001010
00101000000010
0101001001110
110010101000010
1100101000011010
001010100001010
000101000101010
0010101011101110
101001000111010
1100101010011010
0100101010001010
101010010001010
110010110101010
000010000001010
10101010010010
1000101000111010
010010110101010
00100110
00001010
01001010
111111001010
111111001010
111111001010
100011010101010
0000101000101010
0000101010001010
110110101010010
0100101000001010
0000101000011010
000110100011010
000110100010010
0000101010001010
1010101001101010
101010110010010
01001110001010
0000101000001010
00010100011010
0010101000011010
000110110011010
10001010001110010001010
0011011001110010001010
0001011001110010001010
101010100000101010001010
110010101100001010001010
00000101100101110001010
0000000010101010001010
000010100000101010001010
000010101010001010001010
00101000000101010001010
10010110100100011101010
00101110010101001101010
11001110101010011101010
100001101010000011001010
00001010
0000110
11101110
1000100010000011101010
00000110101000001100010
0010101010001010
1000101000001010
001010100001010
10101001001010
1010101000001010
1000101000100010
1000101010101100101010101110
00001100101000001001000010
100010010100010111010101010
0010010101000001010010010
00001100101100010101000010
00110100101000000100001010
00101010101001010100001110
000101000110000101001001010
0010110010110000110110
000011010001010
0010101000000110
001010010011010
10001010000010
0010011110001010
1100101110101010
000011001000101010110
0010011010000101110010
001001101011101111001010
11000110101000001101010
00101100101000111001010
000011101010001001001010
001001101111001011101010
101011101010001101001010
11110100010010110010
00101100001000010110
000001100010001110110
1000100110000001010110
100111010010001110110
00011101000101110110
000001010101010
110101111010000101101010
000001010000100101110
0110011001000110101010
10000101010000001101010
1010111011000101010110
1101101100001010
100010100100010
1000000000010
100011100001010
001001101010010
110001110001010
0000000001010
1010101110101010
000111001001010
000101010001010
10010100001010
0001010001010
110010101000010
0110101001011010
1100101010001010
001010100001010
1010001000001010
1100101000001010
1001101101001010
00001001001010
0000101011001010
0000101010100010
0010101101001010
00101001001010
000010100001010
00000100101010
00011101001011110110
000000010001001100110
0000110010100101110110
001011100010111100110
0000010110011011010110
110111001011000011101010
0010100010000000010110
1110100100011001101010
0011011010010100110110
001001101001001000110
101010100011010
1001101100101010
0000101010011010
00100100101010
00100100101010
00100100101010
100101000001010
101001010001010
110000010110001110110
00010101010100110110
1010111010000001010110
00101010
0000010
11011010
1010010
0101010
00111010
10101010
10001010
01001010
01001010
01010110
00101010
00101010
01001010
00001010
00001010
0000110
00001010
0000101010000010
000110101100001010
10101110101010101010
010010101000001010
11101111101000101010
101000001010110001010
0000001010101010
00100110101000101010
10001101010010
1000111001010001010
1010001000101010
0100110010110001010
01001010011111101010
10000101010
00001010100100001001010
0000101101010110010
00001010101110011010
101001110001010
0000101010101010
000011010100011100110
000110010000101100110
0000101010101010
000010100001010
110010100011010
000010101111010
0100101001000010
1100101010101010
110110001011010
0111101110011010
000010100010010
00000101011010
000010111001010
0001101010001010
00000100000010
0010101111001010
0000001000001010
0101101001001010
1010101100001010
0011101010001010
110110101001010
1000101010101010
00101010100010
1000101010001010
1001101010101010
001010100011010
1001100100100011000010
110010100001010
0100101000001010
00010101001010
00010100001010
000101111001010
0000101000111010
00111010001010
10000010001010
0001101011001010
000110100111010
10000011010010110110
0001101011001010
11110111101010001001010
100001101010011001101010
101101101110100011101010
1000101000001010
000110010001010
1000101000101010
0010001000101010
0000101010001010
101001101010001001101010
001111000010101111110
10010100000101110110
000011010010000110110
1000110101000101101010
101011001010101111101010
001101101010011011001010
010001001011100011001010
00100100101000001001010
010001001010100011001010
000011001010101011001010
10100100100000011001010
100011001011100011001010
01000110100101001101010
100010100001010
0000100100001010
00011111001000100010
000010010101001010010
0010110010001011101010
1000101010101000010
10111010
1000010
00101010
00001010
10001010
1001010
10101010
0101110
00001100101010101010
0000110010100100010
0001010101010001010
000111101110000010
1010011010100101010
010011000100110110110
000010100001010
0010100001010
101010100101010
0010101110001010
0000101010100000110110
1010011010101010010
00000100101000111010
11000110111010011010
11101100101110001010
0000100111010101010
00001101000000110
1010000101000101110
00001110101110001010
1000011010100001010
0010111001100101010
00001100101000001010
111000101001000110110
10011100100100100010110
010001001010000011001010
1000101000000100110110
100011101011001001101010
000111001010101111101010
011011010010111010
1011010110101010
0010101111001010
0100011000001010
000111101011010
0010001000001010
101011100011000110010
00101110101000111010
1100110101000011010
00001010
00001010
0011010
00111101000001010
0000111010000001110110
10011010
10001110
01011010
10111010
1000010
100001010
01000110101000111010
1010110000100110110
0000000010100101010
0010011010010111010
00101010
11001010
00011010
10101001000100100110
101001101011000000110
1000010101010101010
0010101010100001010
0000011010101101100110
10101110101000101010
01111000101100101010
0000100101001001010
00101100101000111010
0100100010010011010
00000110011000011001010
00110100101001111001010
0000010101001101101010
00100110101110100110010
101001101010101001101010
010001000110100011101010
110011101010000001101010
00001101011000001101010
000011101010100001101010
110011101010000001101010
0010001010010110110110
100011001011000001001010
0000110010000101110110
00001010
00011010
10001010
10001010
01001010
00001010
00001010
101010010000101010110
10100110101000101010
10001010
0000101010001010
10101110010101001101010
001000001010000111001010
100011001010000111001010
0010000100010001001010
00000100100001011101010
100001101010001011000110
10100110101000100101010
10101110101100001010
00101110101010101010
10111110101010001010
0000011101000001010
00000110101100001010
101001100100010010
0001100101010001010
10100110101001001010
0110110101010101010
11001101001010101010
10101110101000101010
00111010101010010
010011011001010010
1100111010110010010
01001010100001010
10101010
10100110
00001010
10101010
000011100100101010
0010011010100101010
0010011010100100010
0010111010100101010
00001110101000011010
10011101010010010
1010110010101011010
101010000100101010
00001110101000011010
0001110101010011010
000001101000011010
1010011010100011010
1100110110101101010
00000110101100001010
0010010101000011010
01010100101010
00001010
10000010
01001010
00011010
01001010
10100010
1000010
10111010
11001010
10001010
00101010
01001010
00101010
00001010
10001010
10001010
10111010
1010000101000011010
0000101001001010
00001010
00101010
10001010
00001010
10101010
00001010
00101010
00101010
00001010
10001010
1001010
10101010
10001010
10101010
00101010
010010
10111010
1010010
10111010
10111010
00101010
00101010
10001010
11100010
00101010
01001010
10101110
00001010
00101010
01001010
00001010
10001010
0010110
00101010
00101010
10101010
10011010
10001010
1001010
00001010
00001010
00001010
1001010
0101010
01101010
10101010
0010010
01001010
00011010
00101010
1010101010001010
0000101011001010
0000101000111010
1000101000001010
00011010000010
100101000011010
1010101010001010
0000101010001010
100010100011010
000010100001010
000001001001010
1000101000001010
00011110110011001010
00001010
10001100101001001010
01001010
10000110101010001010
100011101010000001101010
0010101000101010
0000101010100010
10001010
00100101010001010
10100000101000001001010
0010111010111001010
00001010
00011010
00001010
10001010
00000101010
001010101010
001010101010
00010101010
001010101010
001010101010
001010101010
000010111010
10001010010
00100010010
00101010010
000010101010
001010101010
101010101010
000010101010
000010101010
000010101010
000001101010
000001101010
000001101010
00101010010
00001010010
00101010010
101010101010
100000101010
101010101010
10100101010
000010101010
001010101010
00101001010
001010101010
10010100010
100010101010
10000001010
100110101010
111010111010
001010111010
101010101010
000010101010
10010101010
100010111010
001010101010
00001010
01001010
10111010
10101010
00111010
11001010
10001001010
01001001010
110010101010
00001001010
00001001110
10010110
00000110
00001010
10001010
10100010
00101010
00001110
11001010
00101010
001010
00001001000010010
0100101010100001010
100010101010
010010101010
001010101010
00111010010
11000101010
000110111010
110010101010
00001101010
000010100010
100011101010
000010101010
0001101010
000011001010
10100101110
01010110010
00001010
0110110
1001010
10101110
00001010
1001111001110111010
00000010100000010
00101010
10101110101010001010
0010010010100101010
100010011100001010
1010010000010101010
10001001101100101010
10001010100011001010
100001000100001010
1001011010100101110
00001010000000001010
011101100100001010
001010001001101010
0001010000100101010
01000000011101001010
10101010100011001010
0000010010010001010
11001110101010111010
000110101010101010
00001010000001001010
1000101010101101010
0001110101000101010
0011010000101101010
0000101010011101010
1100101001011101010
0001100010011101110
110010000100100010
0000101100101010
00001010000101101010
00000110101101001010
00101011001011100010
0010111010100000010
001101010010111010
00101010000110010
01001100001010
1001101000101010
1000101010001010
1000110001110101010
1100101001101110
1000101000101010
01111010100010101010
11100110101000101010
010110000100100010
00000111101000001010
00010000100100010
10110110101000101010
00001010000001101010
0000100010110000010
000010100011010
00000100001010
11001101000010
1001101000101010
0000101000001010
000101000101010
000111100100010
100011101001010
000001101001010
01010100001010
10010100001010
110101001001010
100010100010010
000110100110010
1000101000101010
01100101001010
0101101110111010
000010100001010
00110100001010
0110101001000010
000001110101010
101011100010010
00101001000010
10001100001010
1000101000001010
00010100001010
000000011011010
000010000001010
001011011001010
000010100001110
1000011000000110
1001101000001010
000010100001010
110110101001010
100010100001010
000010100101010
0001101110001010
1100101110001010
110011001101010
11000101001010
100010100001010
0000101000001010
000001001010
1100100000101010
0001101000001010
0000001010001010
110010100001010
0010101000011010
000010100001010
100010010001010
000010000001010
110100100011010
10101001001010
000010101010010
000010110000010
010101011101010
0000111000000010
0100101000011110
01001110101010001010
00001100101010101010
0001111000001010
01011100001000001010
101001110001010
000001000011010
00000110101000001010
101010101000110
00100110101000011010
1100001000100010
0000101001000001110
010010100101100101010
1000001101100001010
110001000011010
001010100001010
001011101101010
1000101011011010
010010100100010
010010100101010
1111101000001110
1110101110011010
110101000001010
110010100011010
100010100001010
1100101110110010
1100101001101010
0000101100101010
1000101001001010
000101010001010
1000101000001010
00010101000110
101010110000010
10101001100010
1010101011011010
000010100001010
1010110100001010
10010100001010
000101000110010
0000101011001010
100010000101110
100010101010010
01001010010010
010010100001010
011001000001010
0001101010001010
0010101010011010
000101010101010
010010111100010
1100101010101010
100010001101110
000010101010010
001010010101010
0000101010001010
01000110100010
0010101000001010
00001000001010
001010010001010
0100101010011010
00010101001010
01001110101000001101010
00000110101010100101010
00001100101001001101010
001011101011001011001010
001111011011001011001010
001111001010001011001010
0011110001000010101010
00111100101000010101010
00110111101000010101010
10000101101010101010
0010101010100010
110101001110100010101010
00000110100100010101010
0000100100100010101010
11010110100100010101010
110001101011100010101010
000010101011100010101010
00010101011101000001010
00010100010101010101001010
0001110101010101001010
01001110101110101001010
0000111010010101001010
00101100101010101001010
00011110101110101001010
00010101011101000001010
0001100001101010
100110110001010
1000101010001010
101001100100010
000110100000010
000001010101010
001010100001010
01000110100110
110110100001010
000010000111010
01101000001010
101101100011010
1000101001001010
00001010100010
000010100010101000001110
101110101001010
01011010000101010011010
0110101010011010
000010000011010
11001001001101111011010
0000101000001010
0001101000001010
0000001000001010
1000101000001010
000001010101010
100010100011010
0001101001001010
0001101100001010
0010101010001010
000101101011110
0001100101001010
100110100010010
00001000001010
1000101000011010
0000101001001010
1001101110001010
10010100101010
010101010001010
0000000001010
0100101010001010
0000101000001010
0000101001011010
0010001011001010
001010010101010
100110100001010
100110110000010
01000110000010
00010100001010
1000101000101010
0010111010001010
1000101110001010
101111110001010
0010101010001010
000101001001010
00001000101010
10011001010010
10110001001010
10010100011010
000110100101010
001010100001010
100000100001010
0010101010001010
110001000101010
0000101011011010
10010101001010
1001101000001010
0000101011011010
0100101111001010
1001101010101010
1000101010001010
0010101110101010
110010010001010
101010100101010
11000100101010
0100101000001010
0100111010101010
00011010000010
000101010101010
0100101011001010
01010100100110
0010110011001010
100010001101010
100010101010010010
011001000101010
00101000101010
001001001000001110
00101010101110
0001010001011101010
0000000101010
0000001110110101100011010
00101000010100010
1101000010100001010
10010001011100000010
10001010
10101010000011000111010
10101100101000011010
00000010001000101010
10000110101110101010
10000000010010
1101101011101010
0010101000001010
110110100011010
000111101001010
010100000011010
0000111010011010
1001111000111010
1010101101011010
10000110101001001010
00100101001010
00011010100001010
1100110001000101010
00100101001010
10001101101110001010
1010101100011010
10000100101000111010
10100100111010
10100110101010101010
000011000001010
10100110101010001010
001001000101010
00010101001010
00000100101010101010
0001000101110001010
1010101101011010
00000000011010
10101100101000001010
110000101011001010
0010000101000001010
101010010101010
0001100101000011010
0001110101001001010
00000101000010
010001111001010
00000100011010
10101100101100011010
00010000101010
0001110101000101010
0000101000001010
0001110010010101010
011011010100001010
100000010010001010
0000101000011010
1100001010001010
100011101011010
10100100101001101101010
00001100001010
0000110000101010110
0010101010100101010
10010000011010
00001110001001001010
01000100101010
0100111010101000010
11000110111000001010
00101000000010
0100011010101110
0010011010000101010
0011001000001010
0000000101000001010
110110100001010
00100110101011001010
01011010100010
00101110101100001010
00110101001010
0000111010000011010
00101010101010
0101001101100001010
100011100001010
1000101000001110
010010010101001110
0000110010101101010
000000011010
001110100001010
11000101011010
00010000101010
101010101001010
1101101011001010
100010100001110
10010000111010
100001001000010
001011100001010
0010101000101010
01000100101010
0100101000001110
10101001001010
000000010100010
1100101010001010
011101010001010
1000101000011010
1000101110001010
1010101000101010
100010100001010
000110100100010
0000101010011010
001110011001010
100001010001010
10000110001010
1000101010011010
100010110010010
10101000101010101010
000000000001010
1000011010100111010
000110111000110
10001110101010001010
000001100010100010
00010100001010
000001011001010
001010010101010
000110100001010
010000001011010
001010011001010
10011001001010
0100100001001010
10000100101010
000010010001110
101001100011010
0000101011001010
001010100001010
000010100001010
1101101010001010
0101101010001010
0010101110101110
101010100001010
010010100001010
010011000101010
1000100001010
01001000100110
010011100000010
0010101000001010
101010101011010
00100011011010
1001111101001010
010101010011010
10100100001010
000010100101010
000010000101110
10100110101000101010
0001110001000101110
1010101010101010
000000101010
0101101010001010
00001010010110
0000010010000001010
1011101110011010
0100101000101010
1000101110001010
10100010001110
011010100011010
1010111001011010
000101010001010
001010000001010
1000101100011010
00100110100010
1100101010001010
1010101010101010
1001101010001010
1010101011011010
100010101100010
1100101011011010
100010010001010
001001010101010
1101101010011010
1010101101001010
000010100010010
100010100001010
100010110010010
000001010011010
0000101110011010
0001101010100010
001001010001010
00001010001010
110010000001010
1100101000111010
001110101011010
0001101000101010
101010100101010
001010010010010
100001010101010
0000101010001010
0100101100101010
0010101010101010
0010101100101010
101010101001010
1100101010001010
0000101010001010
100010010001010
1001101010000010
0000101100001010
1000101001011010
000101110010010
0000101000011010
000010111010010
10001100101000001010
1000101010011010
10000010011010
00011101001110
010101000101010
001101100011010
1000101000001010
000101001001010
000010101001010
0010111100001010
000001110001010
10000100101010
01010100011010
0011101100101010
01110000101010
0010101100101110
0001101011000010
001010100001010
000010100001010
1110101000001010
0101010000111010
0010111000111010
100101000010010
0100101010011010
0000001010001010
1000001011001010
1101111000011010
000110000011010
0100101100110010
000010100001010
1010011010001010
10100110101000011101010
10000110101010101100010
1000111010100001100010
100001101010000011101010
10100110101001010101010
1100011010101001010
000010100011010
10101010101000001010
0001101010001010
001000101001010
00000110101000001010
000010111001010
000101010011010
010011010100000010
10110010011010
10001110101000011010
010101001011010
0001000000010
101001010001010
0100100001010
01001000000010
10101000111010
101010100001010
00100101001010
01011100001010
0000101100011010
000010100101010
0010001000001010
0010101010001010
0000101010101010
001001010111010
0011101000001010
1100101011001010
100010100001010
00110110000010
0000101100001010
000010101000010
1001101010101010
0000101011010
110110101010010
0010101011011010
0000101100011010
1000101110001010
001010100011010
1000101011011010
000010111001010
1000101000001010
1110101000000010
001010100100010
000010100001010
000010100100110
1000101000101010
0000101010001010
001001100001010
00000101001010
100001111011010
000101110001010
110110100110010
100010101001010
010000010101010
010010101001110
1010001010001110
100101000101010
10101010100010
00011000001010
0000010101001010
010101010011010
010101001011010
010101010011010
001010100101010
000010101001010
101010101001010
010001100001010
0100101000001010
0100100011010
1000101010111010
00000111000010
00110110101010101001101010
1000001000001010
0010101000001010
01011100010101010110
10010100011010
100010110001010
1110101010101010
10010100000101010
001101101010010110
00010000010101010
0001101010110101010
0100100000010
0010111010100001010
10100110101100001010
10010011001010
11000110101000101010
00001100100010111001010
1000101001001010
100001100001010
1000110010000100001010
110010011001010
00000110101000000010
10000111101010001110
10000001111010
00001010101010001010
0000101000011010
010011010011001010
10000100000010
100101010101010
100101100001010
011101101011010
100010100000010
0101101010011010
100010100001010
1000101001101010
100010100001010
0010101000001010
0010101010000010
101010100010010
100000000001010
000010100001010
1101111010101010001010
0010010101000000110
100010100011001010
0010110010101000010
0001101000001010
0010101010101010
1100101100001010
10110000001010
000101111001010
1010101000001110
000010000001110
0001101010001010
1010101100101010
100010000001010
1000101000011010
1010101010001010
10001000001010
001010100101010
0110101010101010
010010101100010
010010000011010
010010100001010
0110101110101010
01100101010010
000010100000010
001101000011010
1010101111011010
100010000101010
1000101101001010
00001110001010
100101010101010
000110010101010
1000101011001110
1001101000001010
100010100000010
010110011010010
0010100010001010
1010110110101010
0100101010101010
0001101010101010
000010100111010
000010000011010
001001010101010
1010101000101010
1001001010101010
1100001010101010
000110101010010
0100101010001010
1000101000001010
1000101000101010
10011000011010
100101011001010
101010101010010
0010101010100010
1010111000101010
0110101010101010
110110001011010
0010101000101010
000010100001010
0000101000001010
1110001010111010
100010000001010
100001000001010
00000100000010
100010101100010
110110100001010
1010101001011010
110011101011010
1010101010101010
0010101010111010
110110010011010
0010101010101010
1100101100001010
100010100001010
00011000010010
0000101000001010
0010001110100010
1000101000101010
1100101010111010
00100101110001010
00000101001010
11001001100010
1000101000001010
1010101000001010
0000101010101010
1100101000101010
011000000101010
0110101011001010
011010100101010
010010101000010
0101101000101010
00101011000010
0100101010101010
10000010101010
000011110101010
1000001000001010
1010101000101010
1000101000001010
0110101110011010
1100101100001010
1000101000001010
1000101100101010
00001010101010
000010010101010
000101000101010
100001000101010
1100101011011010
000001000001010
1000111001011010
0010101010001010
101101010001010
000001010101010
0000101000001010
000010100001010
000010011001010
000010100100010
00111011001010
0010101010101010
100001010100010
100010101100010
1100101100011010
111010110001010
001101010101010
10010100010110
1010101000001010
0000101010001010
000001010001010
0101101110001010
1001101001001010
000110101000010
0111101010011010
00010100011010
0110101010001010
0101101011001010
010101101001010
0100101001011010
011000100000010
0110101011001010
0101101011001010
01000100010010
0010101010001010
1100101010001010
0010101010101010
000101000101010
000110101000010
1001101001001010
10000011000010
101001110001010
1000101011001010
001010101000010
10001010010010
1000111000101010
000001000101010
1000101100101010
001001101001010
1001101000101010
101010011001010
1010101011001010
1010101010001010
100010100011010
1010101110001010
0000101000101010
10110101000010
1000101100001010
1100101011011010
001010101000010
0001101100001010
00100101001010
0010101011011010
1000101010101010
1011001010010
0100101010001010
100010111000010
1000101100101010
0011101011001010
001010001001010
1000101000100010
0000101011001010
110010001001010
0100101010001010
1000101010011010
11001001001010
0000101100001010
000101000101010
0000101010001010
1000101000001010
1010101000111010
1010101001001010
1001101011001010
1101101010001010
10001001001010
1010101010001010
10100100010010
000001010001010
001010000101010
1101101010001010
001010011001010
100010000001110
0000111010011010
100111100001010
100001000101010
1010101000101010
10001010001010
000001000001010
110001000001010
000010101000010
0101101110001010
1101101101000010
1000101001001010
10000100010010
010101010101010
101101110001010
1000101010000010
1000111100001010
000000000000010
1011101011001010
0000101000100010
1100101000011010
0010101010001010
110010101010010
0000101110001010
1000101010101010
101001110001010
101000110010010
00011000010110
010110001001010
0100101010011010
110001001001010
0010101001011010
110010101011010
001010100101010
1010101000101110
000010101100010
1100101010001010
1101101100101010
00101000010010
1001101000001010
0001101100001010
11010100001010
00010100100010
100001111011010
1000101010011010
01010101000010
000001000101010
0010101010101010
1001101110001010
1100010101001010
00001010010010
000010101000010
0110101011001010
001110100010010
1000101010011010
10000101001010
0100101010001010
0000101100001010
0101101000001010
00010101010010
0000101110011010
1100101000011010
1010001001001010
1001101010001010
101010100001010
110010100101010
001010100101110
10101010001110
1010101010011010
1001101100101010
00001001011010
00000000101010
100010100001010
101010000001010
1100101001101010
101001100011010
1101101011001010
110010110000010
110001010101010
100010100001010
0010101101001010
1000101110011010
000001010101010
0010101000001010
1010101000000010
0000101100001010
001010101010010
100110010001010
1010101001001010
100110100101010
10000100101010
010001010101010
11000100010010
101010101010010
110010100001010
0000101010111010
0000101010001010
1000001010111010
10100101000010
00001010000010
100001000001010
011010100000010
101101010001010
010010101000010
0100101000101010
1010101010101010
1000101010101010
000101010101010
011010100001010
01000100010010
1000101101001010
0000101100011010
1100101010011010
1000101000001010
001001001001010
0000101001001010
0000101101101010
110010100001010
1100001010001010
1000101011001010
101010101001010
1000101101001010
0000101110000010
001010100001010
10010100001010
01010111000010
0101101010011010
000100000000110
00011101011010
0110110001001010
101001010011010
1100101010011010
110001001001010
010010111000010
0100101011001010
00010100000110
010101010001010
010000111000010
000101101011010
110001010101010
000010010101010
0110101000011010
101010100111010
1010101000111010
00011010
01011010
01101010
0101010
00001010
0000101001001010
0001010
10111010
0010100011001010
11101100010101101001010
10100110101110100100010
001011101010001011001010
000011101010101001001010
11001100000010110010
110011001010001001101010
00100110101000001001010
001011101011100000101010
000100101011100001101010
10100110101001001101010
100010101010001000101110
00101100010101011101010
000001101011010011101010
000011101010101101101010
10000110101001011001010
1101011010100100001010
101001101011101011001010
0000011001100000101010
010111010100100001010
00001100010001011000010
001011101010101011101010
000011101010010011001010
10101100101010101100010
00101101101000100001010
10001100101001001101010
001001101010001011001010
001011101010101001001010
10000110101001001101010
0000110001010001101010
00100110100100011100010
000011000100011110010
100101101010101011001010
001001001010100000111010
00000101010000001010
100010100010101111001010
10101110100010011101010
10000110101010101101010
101001101010100011101010
00011101011100011101010
1010000100011011101010
00001101011100001001010
001010101011010000101010
100101101010101001101010
0011100101010001110010
101011101010000011101010
1101100100100001101110
0000001010000101111110
001011001010101001101010
111000101001011101010
01000110100000001101010
10101101101000001101010
101011001010100011101010
10000110101001011101010
00100110101001110001010
101000011010001011101010
001001101010001100001010
101011001010001101101010
10001101010001011000110
10011001010100111001010
001011001010101011001010
101011000100010000010
0010101010101100010010
101011101010001011101010
00100001011001011101010
1100100101100101110010
00101001010100001101010
0000101000001001001010
00100110010101001101010
00100110101101010110010
10100110001000100101010
01110010101100101101010
100011100010001001101010
1010011010010100101010
10001110101101001001010
00001110101001001001010
10000100101010101100010
1010111000100011001010
0011110101100110110010
00100110101010101101010
00000110101100100101010
10101110101100100101010
10001110010001011001010
101011101010100001101010
01101101111100001101010
101001101010100001101010
0010000101010000101010
10000001010000011101010
001011101010101001001010
10101110101010011101010
0100110101000001110010
0010011010000101010010
000001101010101001101110
101001101011000001101010
001011101010101101101010
000000010000001100110
00101100100000111100110
00001100001010
100110100100010
001010101001010
1010101000111010
10000111101000001010
0010110101010001010
1010101010001010
000101010001010
1010101000001110
001010100101010
101001010101010
1010101010101010
001001100101010
010101100101010
010001000001010
0010101000011010
0010111000101010
1001101011011010
0000010
1010001000001010
001010100000010
001010010011010
100010101001010
000010101100010
0010101110011010
00100101000010
1101111010101110
0001010010101010
1001101010101110
001010111010
100010101010
000010101010
00101010010
101101101010
010010011010
00100001010
101001101010
100011101010
100011001010
101001101010
000101101010
100001101010
0000010010
000010111010
101001101010
011011001010
00001101010
0000000010
10001001010
00100001010
100000001010101010
1000101100001010
0000110010100001010
0011000101000010
1010100010000001010
1010101000100010
10000010101000001010
101000010111010010
0100110101000001010
0000110101110001010
10011010
10100101010000010
11001010
0000011010100010010
0010101011000101010
1010110010101001010
001001101010111010
10111010
0000111010101000010
1010001001000001010
01001010101000001010
10110110010
001111001010
00100110010
001001101010
0010101010011010
001001011001001100100101010
10111100101001001010
0110101111001010
0000101011011010
010110100111010
010011100101010
0100001000101010
0010011010011010
000010011011010
0011000100010
1001100001001010
011000000100010
0000101001001010
1010100010001001110110
0011101001011010
000010100101010
0100001000001010
10000001010101001101010
0010011010010101110010
10000101010101111000110
10100110101000100110110
1011010000110011001010
0000110100110011001010
1010011110111010
00001101011101011101010
101011101000001100110
0000011010001011101010
00001101011000010010
0000101010011010
0100111011001010
1000110000001001101010
000000000110101010
1010011010001010
000111101010001001101010
100001100011010
101001000101010
1100100000001010
110010100101110
0001101110
000011101010000110101010
0001101010100100101010
00000101010001010101010
100010101010001010101010
10001010101010101001010
0101001010001010101010
101001101010000010101010
100010101010001010111010
100001010001010
001010101000110
1000101010001010
101010010001110
0100101000001010
1010000001010
00100100001010
0010101000101010
0010110100100011001010
0011110101000010011010
01101001011101011001010
000101110110101001010
001010111010101010101010
1010100101000001001010
00000110101010000101010
100100101010100011101010
100010111010100010101010
101010101010100110101010
100010101010010110111010
001001101010100010101010
101010101010000001101010
01001010101000000101010
01010110101010000101010
001001101010110001001010
100010101010100010101010
10010101010000010101010
100101000101010
1010111000101010
000101010011010
00011001010101010101010
1010011010000110010110
1000110010000000110110
001011111011010010101010
00101110101000001101010
000000010010010101010
10101100101001001010
00001010
10101010
00101010
10001010
10101010
101001101110100001101110
1000110010100000101010
1000011010100000100001010
100011010100001101010
0000010010100001101010
000001100100001101010
0000010010100001101010
0010011010100001101010
001001101000001101010
0000010010100001101010
0000110010100001101010
1010011010100001101010
0000111010100001101010
00100110011000010001010
00011101011000010001010
000011101011000010001010
010001001011000010001010
00101010101000010001010
000001101011000010001010
100010101011000010001010
001001001011000010001010
001011001010000010001010
101101001010000010001010
00011101011000010001010
000011001010101001101010
010001001011001011101010
10011100101110000100010
001001101010101011101010
101011001010101100101010
100110101010100001001010
11101110101000001001110
01001100101001101101010
010011001010010011101010
10001100101001011101010
0000010101001011001010
1010000101001110101010
101001111010101111001010
00110001010101101101010
1000110101010001101010
100101001010000000101010
0010011010100001101010
101001101010001001101010
0010111011000100101010
001011001010100011101010
10000110010110011001010
001001101011100001101010
00100100101010100001010
10101100101000001101010
10101100101001001101010
0001010000101001001010
10100000110100011001010
10000100101100101101010
000011001010101011101010
00101100001001100010
100101101010000010001010
10100110101000000101010
011001101010101011001010
1010110010100100100010
10101100101010001100010
1000011010101010001010
101011001010101011001010
00001101010010000010
110011101010101011001010
001011101010100010101010
00101010010100001101010
10000000100010001010
1011110001000011001010
101000010100000001010
1000111010101010100010
10000110010010001001010
00010001011010001101010
1101111001100101111010
00001010
1001010
010010
00010100101010
00010100101010
00010100101010
00010100101010
00010100101010
00010100101010
00010100101010
00010100101010
00010100101010
00010100101010
00010100101010
00010100101010
10111010
10101010
10101010
1010010
100101100001010
00001010001010100101010
00001010001010100101010
001010100101010
00110100111010
100010100101010
000010100001000010110
101010101001010100110
00010110000111010101010
00010110000111010101010
01010110000111010101010
00010110000111010101010
0011001000011010
10011000101010001010
010010000001010
000101010111010
10001010
1000100111100100101010
0100111001000001110010
00101100101010000110010
0010111010101000110010
0010110010100001000010
0001100101110001110010
0010110010000000110010
00001100101000110110010
0000100101101000100010
0100010010101000110010
0000000010101001010010
10000110101111001110010
00000110101110010100010
000001101010100111101010
101001001010100101101110
010011101010101001101010
1010000100000010101010
10000101010000011001010
000011001010010011101010
10110101010100011101010
000111101011101011101010
00000110010000011001010
001111001010001001101010
100101001010101001001010
001001101010000001101010
010100101000100001010
001101101010110101101010
00000110101000100000010
10100100101101000110010
10101100101000001001110
00101100101000001101010
101011001011000001101010
011011001010010001101010
110001101010100001101010
001011001010000011001010
0100100101010000001010
001101101010000011001010
101001001000001110110
1001010101000101001010
00011101010100001001010
0010100100001010
0000100100111010
10100001010101001101010
100101010100001001010
0001100101000011001010
10001110101001001101010
1001110101000011101010
10100110101010101100010
1000110100100001101010
0010000101001101101010
00100100101100011001010
1001110001001001101010
1001110101010001010010
0000000100111100101010
101000011101100001010
10000010100000001010
0000100101010101001010
000011101010100011001010
00010010101001001010
0000000101010001001010
000010010001001001010
101010010100000001010
001001101010010001101010
1000010101010001001010
010111001010101010101110
00101001010101011101010
1010101010100001101010
1000000111001010
100000001000010
0000001110001010
000010101000010
000010101001010
0000000011011010
10100000000010
00000001001010
100000101001010
000010100001010
000011010000011001010
0000001010001110
1001001010111010
100010001011010
100011001001010
1000001010001010
101000000011010
000000100100010
100101101011001011001010
010010000001011001010
0010000011001010
00101011000010100000010
010100001010100000010
0010100000010110000010
001011110010100000010
1001010110010100000010
1010101010010100000010
10001010100010110000010
0010101110110100000010
1010101010010100000010
0010101010010100000010
00011011110110100000010
0010010100010110000010
100010100010100000010
1010100100010100000010
0001010001010100000010
00001010101010100000010
000010101000100000010
1000101100000100000010
1010101010110100000010
0010101010110110000010
000101010110100000010
0101010110110100000010
00100010001110100000010
1000101000001010
0000101011001010
001010010001010
1000110000010101100110
1000101100011010
100000000001010
010011010011010
100000000000010
0010100000001010
00100110100101001101010
10100110100001011101010
001001010100100001010
10100110101001011101010
0010010101000001101010
001001101010100011001110
10100111010000111101010
001001001010101011001010
001011101010101011101010
00001100101001011001010
001001101010101011001010
00001100001000010101010
1000101010100011101010
001001101010101011001010
00101001010101001101010
001001101010000011001010
000011001010101011001110
0010111000001010
000101011001010
1000001010110
10100101001110
100001010001010
0100101110001010
100001000010000001010
0000101000001010
100101001001010
0010100001010000101010
101001001010000011001010
001001101010000011001010
010001111011001001101010
010110101010001100010
010100010000001101010
0000110001000101101010
101011001010101011101010
10001100101001011101010
10001110010001001101010
1001011010001001101110
10101100101001011101010
00100110101001001101010
11101100010101001101010
1000110101001001101010
000011001010001001101010
000011001011110011001010
10101100101000101010010
100111001010101011001010
000101000001010
001001000101010
01000100010010
0000101110011010
000010000011010
000010010001010
10101000000010
1010100000001010
0010101011001010
00100100001010
1011110010100001110110
000011001011001011101010
00101100101001011101010
100011001011001011101010
101001101011001011101010
001011001011001011101010
00101100101001011101010
00000110101001011101010
000111101011001011101010
1000110010001011101010
10010001011001011101010
0100000101001011101010
00001010
000010010100100101010
10100110101101011010
11111010110
10000010
1000011010010001110110
10001001001010010110
0000000001001010
001000001011010
000011001000001110010
101011001010000011101010
001011101010001001101010
101001100010101110010
101100011000010011010
000010101010101011101110
00001110101010100110010
100001101010101010101010
000101101010000001101010
10101100100101001001010
10101100101000101001010
10101010
01001010
10001010
00101100101000001101110
00100110100000011001010
0001100101101001100110
10100110101000011001010
10101010001011101010
0010100001001011010
1001001100010001010
000010100101010010
0010000100100010010
1100111000001001010
0100101000010101010
01001010
10101010
00111010
00001010
00001010
1010111001011011001010
10100110101000100110010
0000001011001010
10001101001010
1010101100101010
00101001000001010000010
0011100100101010
1001101000011010
11010100010001010
000001000001010
1000100100011010
101000010100010
000010010001010
1000100000011010
000000110001010
01010100000010
0000100010001010
00100110101000100001010
10101100101010100101010
1010011010100001101010
001001101010100001101010
001001101010000001101010
001011101010101001101010
1000110010010101010
00010110101110101010
000010100100001010
1000101000001010
101011101010101011101010
1010100110011010
1000101100101010
1010101010001110
0001101011001010
100010100101010
00000010
11001010
110000010
001010000100001010
0010100001000101010
1010100010001010
1000101100011010
00111101010001010
1010000100111010
0010100110001010
100011001011010001101010
001001101011010001101010
0101100110001001101010
00001101101010011010
00000110101010001010
00101100101010011010
00100110101010011010
0000101000001010
100101001011010
1010101010001010
000110011011010
0001010
0010010
1001010
0010101101001010
1000101001001010
0010101001001010
1010101101001010
1010101110011010
1000101000011010
00011010
000001100001010
110001011001010
100110001001010
110001100011010
00011001100010
110010101011010
1101101010011010
0100010000001010
000110000001010
00011001001010
0000100000001010
0000111001001010
110110100000010
00101001001010
000000000010100001010
100011101010000011001010
100010110001010
011101100001010
01010101001010
00111011001010101010
0001010110001010
1001000001001010
1100101010101110
1001011010001010
1000011010001010
1000111000011010
110110011001010
00011001100010
110010101001010
1000011000111010
00010010001010
0001101000111010
10100010101110
1100101100001010
110110011011010
101011101010100011101010
101011000010010
000101001101010
110110101001010
110010101011110
0100101010001010
0001101110001010
0010101001001010
0100101000001010
0000101011001010
001110100001010
0001101101001010
0010011000101010
10000010011010
