,66,545
,66,888
,66,894
,66,7648
,66,7650
,66,554
,66,546
,66,7922
,66,7924
,66,7927
,66,7951
,66,5558
,66,5345
,66,5346
,66,5347
,66,5348
,66,5349
,66,5350
,66,5351
,66,5352
,66,5353
,66,5354
,66,5355
,66,5356
,66,5357
,66,5358
,66,5359
,66,5365
,66,5367
,66,5368
,66,5373
,66,5374
,66,5377
,66,5380
,66,5383
,66,5386
,66,5393
,66,5394
,66,5395
,66,5396
,66,5397
,66,5398
,66,5399
,66,5400
,66,5404
,66,5405
,66,5406
,66,5407
,66,5408
,66,5409
,66,5410
,66,5411
,66,5412
,66,5413
,66,5420
,66,5421
,66,5422
,66,5518
,66,5522
,66,5523
,66,5529
,66,5530
,66,5531
,66,5532
,66,5545
,66,5546
,66,5547
,66,5548
,66,5552
,66,5553
,66,5554
,66,5555
,66,5556
,66,5557
,66,5569
,66,5570
,66,5571
,66,5572
,66,5573
,66,5574
,66,5575
,66,5576
,66,5577
,66,5578
,66,7416
,66,7417
,66,7418
,66,7419
,66,7420
,66,7421
,66,7422
,66,7423
,66,7424
,66,7425
,66,7426
,66,7427
,66,7428
,66,7431
,66,7432
,66,7433
,66,7434
,66,7435
,66,7436
,66,7437
,66,7438
,66,7439
,66,7441
,66,7476
,66,7481
,66,7484
,66,7485
,66,7972
,66,9261
,66,6316
,452,8519
,179,8932
,57,2347
,57,8177
,57,8178
,57,8197
,57,8198
,57,8207
,57,8208
,57,8227
,57,8228
,57,8229
,57,8230
,57,8236
,57,8237
,57,8238
,57,8239
,57,8244
,57,8245
,57,8246
,57,8247
,57,8252
,57,8253
,57,8254
,57,8256
,57,8257
,57,8258
,57,8259
,57,8260
,57,8261
,57,8264
,57,8265
,57,8266
,57,8267
,57,8268
,57,8269
,57,8270
,57,8271
,57,8272
,57,8274
,57,8275
,57,8276
,57,8277
,57,8278
,57,8279
,57,8280
,57,8281
,57,8282
,57,8306
,57,8300
,57,8341
,57,8344
,57,8347
,57,8346
,57,8796
,57,8733
,57,8805
,57,8820
,57,8343
,57,8843
,57,8830
,57,8876
,57,8877
,57,8878
,57,8883
,57,8891
,57,8916
,57,8926
,57,8931
,57,8932
,57,8937
,57,8948
,57,11945
,57,11946
,57,11948
,57,11949
,280,8321
,280,8345
,341,8936
,341,8949
,341,8950
,341,8951
,351,8843
,351,11948
,351,11949
,279,8321
,291,8639
,291,8877
,58,4587
,58,5141
,58,2430
,58,488
,58,491
,58,9741
,58,9744
,58,7412
,381,9747
,381,9748
,381,11793
,381,11949
,68,1060
,68,1053
,68,588
,68,167
,68,8204
,68,8394
,68,9747
,68,9748
,68,10391
,68,11554
,68,11908
,68,11942
,571,7321
,571,9102
,571,11924
,571,11925
,571,11929
,571,11930
,571,11931
,571,11941
,571,11943
,571,11945
,571,11946
,571,11948
,571,11949
,571,11952
,571,11965
,571,11973
,180,2255
,180,2387
,180,2329
,180,2330
,180,2332
,180,2340
,180,2342
,180,2347
,180,2333
,180,2334
,180,2361
,180,2335
,180,2336
,180,2337
,180,2338
,180,2339
,180,2362
,180,2363
,180,2364
,180,2365
,180,2366
,180,2367
,180,2368
,180,2374
,180,2375
,180,2376
,180,2377
,180,2378
,180,10841
,602,11648
,602,12008
,597,11632
,597,11639
,670,12014
,670,12020
,670,12025
,224,7172
,224,7246
,224,8286
,224,7164
,224,7217
,224,8291
,224,8293
,75,2243
,75,2247
,75,2251
,75,7307
,75,7324
,75,7505
,75,7506
,75,7507
,75,7508
,75,7510
,75,7311
,75,7333
,75,7344
,75,7348
,75,7405
,75,7408
,75,7409
,75,8060
,75,8075
,75,8303
,75,8311
,75,7486
,288,6108
,288,6107
,288,6109
,288,6112
,288,6130
,288,6131
,288,6132
,288,6137
,288,6138
,288,6139
,288,6140
,288,6144
,288,6145
,288,6146
,288,6158
,288,6159
,288,6160
,288,6161
,288,6162
,288,8595
,288,9221
,147,7684
,147,8404
,148,7686
,148,7687
,148,7688
,148,8405
,148,8746
,148,5336
,148,8957
,148,9716
,148,9717
,148,9722
,148,9723
,148,9724
,148,8956
,148,9767
,148,8557
,148,8515
,148,9726
,148,11055
,196,8059
,196,8060
,196,8076
,196,8086
,196,8087
,196,8088
,196,8089
,196,6108
,196,6107
,196,6112
,159,2742
,159,8342
,427,8483
,143,7673
,143,7675
,143,7676
,143,7678
,143,7680
,143,7681
,143,7683
,143,8402
,143,8403
,143,2832
,143,2834
,143,2833
,430,8495
,449,8510
,390,2630
,390,2628
,408,2659
,388,6210
,420,8474
,374,2891
,374,11896
,372,8449
,342,8974
,342,8975
,342,8976
,342,8977
,342,8978
,342,8979
,342,9187
,342,5491
,347,9151
,373,8450
,373,8451
,623,2217
,392,7852
,384,5997
,397,3077
,396,8960
,444,8497
,444,8498
,314,8644
,314,8643
,314,8645
,314,8646
,314,8647
,314,8648
,314,8649
,364,9372
,364,9373
,364,5687
,389,2561
,389,1276
,389,1278
,389,1279
,389,1284
,389,1285
,273,6044
,273,8670
,273,8671
,273,8591
,378,8453
,414,8455
,414,8456
,414,8457
,414,8458
,414,8459
,414,8460
,386,2891
,386,2893
,377,8452
,377,2193
,448,8504
,371,2616
,371,2617
,411,3259
,411,3266
,411,3271
,411,3275
,398,2463
,412,3271
,412,3275
,345,9136
,345,10195
,447,8501
,447,8502
,447,9869
,447,2533
,447,2526
,406,2602
,321,8651
,321,10015
,321,10119
,391,2988
,391,2997
,391,2266
,391,8505
,391,8506
,391,8513
,199,7410
,199,10493
,199,10685
,199,11381
,199,11511
,199,11512
,199,11528
,52,1051
,52,1108
,52,1186
,52,1580
,52,1060
,52,1053
,52,1173
,52,1208
,52,281
,52,287
,52,61
,52,1321
,52,1599
,52,1602
,52,845
,52,846
,52,847
,52,848
,52,860
,52,861
,52,986
,52,987
,52,989
,52,990
,52,991
,52,992
,52,994
,52,995
,52,996
,52,998
,52,999
,52,1000
,52,1001
,52,1003
,52,1004
,52,1005
,52,1007
,52,1008
,52,1010
,52,1011
,52,1014
,52,1018
,52,1019
,52,1020
,52,1021
,52,1024
,52,1972
,52,1980
,52,1981
,52,1982
,52,1983
,52,1987
,52,1993
,52,1994
,52,2036
,52,2037
,52,2038
,52,1683
,52,1684
,52,1795
,52,1796
,52,1797
,52,1798
,52,1799
,52,1800
,52,1801
,52,1825
,52,1827
,52,1830
,52,1831
,52,1835
,52,1837
,52,1838
,52,1840
,52,1841
,52,1844
,52,1845
,52,1846
,52,1847
,52,1848
,52,1849
,52,1850
,52,1851
,52,1852
,52,1854
,52,1855
,52,1856
,52,1857
,52,1858
,52,1859
,52,1783
,52,1784
,52,1785
,52,1786
,52,1787
,52,1788
,52,1789
,52,1790
,52,1791
,52,1792
,52,1793
,52,1794
,52,1803
,52,1804
,52,1805
,52,1806
,52,1808
,52,1810
,52,1811
,52,1863
,52,1864
,52,1867
,52,1868
,52,1872
,52,1882
,52,1893
,52,1951
,52,1952
,52,1953
,52,1961
,52,2219
,52,2220
,52,2221
,52,2222
,52,2223
,52,2224
,52,2226
,52,2228
,52,2229
,52,2230
,52,2277
,52,4248
,52,4247
,52,4249
,52,4251
,52,4252
,52,4253
,52,1061
,52,2238
,52,4084
,52,4140
,52,4151
,52,1709
,52,4220
,52,4524
,52,3473
,52,3725
,52,3733
,52,3734
,52,3749
,52,3750
,52,3774
,52,3785
,52,3787
,52,3797
,52,3800
,52,3829
,52,3831
,52,3832
,52,3833
,52,3842
,52,3843
,52,3845
,52,3847
,52,3848
,52,3852
,52,3853
,52,3874
,52,3878
,52,3879
,52,3936
,52,4523
,52,4525
,52,4529
,52,4532
,52,4533
,52,4541
,52,4542
,52,4546
,52,62
,52,63
,52,64
,52,66
,52,67
,52,68
,52,69
,52,239
,52,240
,52,242
,52,259
,52,260
,52,262
,52,4509
,52,7429
,52,7430
,52,3358
,52,3359
,52,3360
,52,3364
,52,3365
,52,3370
,52,3371
,52,3375
,52,3376
,52,3379
,52,3380
,52,3381
,52,3382
,52,3389
,52,3390
,52,3391
,52,3392
,52,3393
,52,3394
,52,3401
,52,3402
,52,3403
,52,3404
,52,3413
,52,3414
,52,3415
,52,3421
,52,3422
,52,3423
,52,3436
,52,3437
,52,3439
,52,3440
,52,3450
,52,3682
,52,3683
,52,3684
,52,3685
,52,3690
,52,3695
,52,3696
,52,3697
,52,3698
,52,3699
,52,3700
,52,3701
,52,3751
,52,3752
,52,3753
,52,3754
,52,3755
,52,3756
,52,3757
,52,3758
,52,3759
,52,3760
,52,3761
,52,3762
,52,3763
,52,3764
,52,3765
,52,3766
,52,3767
,52,3768
,52,3769
,52,3770
,52,3771
,52,3775
,52,3776
,52,3777
,52,3778
,52,3779
,52,3780
,52,3781
,52,3782
,52,3783
,52,3788
,52,3789
,52,3790
,52,3791
,52,3792
,52,3793
,52,3794
,52,3795
,52,3855
,52,3856
,52,3857
,52,3858
,52,3859
,52,3860
,52,3861
,52,3937
,52,3938
,52,3939
,52,3940
,52,3941
,52,3943
,52,3944
,52,3945
,52,3946
,52,3947
,52,3948
,52,3949
,52,3950
,52,3951
,52,3952
,52,3953
,52,3954
,52,3955
,52,3956
,52,3958
,52,3959
,52,3962
,52,3964
,52,3965
,52,3966
,52,3967
,52,3968
,52,3969
,52,3970
,52,3971
,52,3976
,52,3977
,52,3979
,52,3980
,52,3981
,52,3982
,52,3983
,52,3984
,52,3986
,52,3987
,52,3988
,52,3989
,52,3990
,52,3991
,52,3992
,52,3993
,52,3994
,52,3995
,52,3996
,52,3997
,52,3998
,52,4001
,52,4002
,52,4003
,52,4004
,52,4005
,52,4006
,52,4007
,52,4008
,52,4009
,52,4010
,52,4011
,52,4012
,52,4013
,52,4014
,52,4015
,52,4019
,52,4020
,52,4021
,52,4022
,52,4023
,52,4024
,52,4025
,52,4026
,52,4031
,52,4032
,52,4033
,52,4034
,52,4035
,52,4036
,52,4037
,52,4038
,52,4039
,52,4040
,52,4041
,52,4042
,52,4043
,52,4044
,52,4045
,52,4046
,52,4048
,52,4049
,52,4050
,52,4051
,52,4052
,52,4053
,52,4054
,52,4055
,52,4056
,52,4057
,52,4058
,52,4059
,52,4060
,52,4061
,52,4063
,52,4064
,52,4065
,52,4066
,52,475
,52,7473
,52,7474
,52,7294
,662,7294
,223,8262
,223,8273
,223,11403
,223,5785
,56,438
,56,8299
,56,8301
,56,8302
,56,8309
,56,2402
,56,10726
,33,433
,33,451
,33,166
,33,438
,33,2794
,33,2804
,33,2658
,33,8298
,33,8309
,33,8468
,33,8469
,33,8473
,33,2648
,170,2804
,170,8061
,170,8461
,48,1108
,48,1186
,48,235
,48,238
,48,1917
,48,1973
,48,2039
,48,114
,48,241
,48,236
,48,261
,48,268
,48,273
,48,278
,48,284
,48,305
,48,1898
,48,1239
,48,1240
,48,1241
,48,1249
,48,1255
,48,1256
,48,1257
,48,1259
,48,1260
,48,1261
,48,1265
,48,1561
,48,1562
,48,1563
,48,1564
,48,1565
,48,1759
,48,1760
,48,1762
,48,1763
,48,1764
,48,1765
,48,1767
,48,1768
,48,1773
,48,1775
,48,1780
,48,1782
,48,7263
,48,5211
,48,5209
,48,5210
,48,464
,48,4587
,48,2430
,48,9369
,48,9371
,48,491
,48,2522
,48,310
,48,11195
,197,8062
,197,8063
,197,8064
,197,8296
,197,8297
,197,7226
,197,7227
,197,7228
,197,7232
,197,8471
,197,2633
,197,11687
,65,213
,65,398
,65,399
,65,400
,65,401
,65,402
,65,403
,65,404
,65,405
,65,406
,65,407
,65,408
,65,409
,65,410
,65,411
,65,412
,65,414
,65,415
,65,416
,65,417
,65,418
,65,419
,65,421
,65,422
,65,423
,65,424
,65,425
,65,426
,65,427
,65,428
,65,429
,65,430
,65,431
,65,432
,65,5566
,65,5568
,65,5565
,65,7645
,65,7647
,65,7659
,65,7661
,65,7662
,65,7666
,65,7671
,65,7674
,65,7677
,65,7679
,65,7682
,65,7685
,65,7690
,65,7889
,65,7892
,65,7897
,65,7900
,65,7903
,65,7473
,65,7474
,65,5574
,145,475
,145,478
,145,8188
,145,8204
,145,8240
,145,492
,145,493
,145,494
,145,535
,145,538
,145,541
,145,9176
,145,2398
,145,10456
,145,10464
,145,10515
,145,10570
,145,10571
,145,10583
,145,10635
,145,10946
,145,11438
,145,11828
,145,11985
,563,11441
,552,11334
,552,11335
,552,11410
,552,11478
,545,11244
,545,11343
,545,11551
,545,11836
,649,11872
,540,11141
,540,11126
,581,11528
,581,11774
,542,11198
,542,11656
,635,11772
,635,11839
,635,11890
,557,11366
,557,11383
,557,11442
,557,11602
,557,11749
,557,11844
,506,10586
,506,10800
,506,11098
,506,11121
,506,11134
,506,11133
,506,11184
,506,11263
,506,11312
,506,11551
,506,11690
,506,11787
,506,11847
,506,11911
,506,10466
,506,11972
,506,12011
,494,10472
,494,10473
,494,10478
,494,10495
,494,10540
,494,10546
,494,10589
,494,10590
,494,10593
,494,10632
,494,11086
,494,10817
,494,10470
,494,11128
,494,11129
,494,11171
,494,11321
,494,11130
,494,11131
,494,11132
,494,11368
,494,11370
,494,11371
,494,11380
,494,11399
,494,11416
,494,11451
,494,11456
,494,11458
,494,11463
,494,11464
,494,11492
,494,11503
,494,11504
,494,11533
,494,11621
,494,11663
,494,11676
,494,11772
,494,11820
,494,11826
,494,11861
,494,11863
,494,11871
,494,11923
,494,11911
,494,11928
,491,10459
,491,10588
,491,10622
,491,11118
,491,11125
,491,11126
,491,11397
,491,11410
,491,11451
,491,11665
,491,11849
,551,11332
,567,11466
,530,11104
,530,11635
,530,11690
,510,10628
,510,10664
,510,11095
,510,11396
,510,11398
,510,11402
,510,11407
,510,11459
,510,11651
,510,11817
,527,11100
,527,11122
,527,11136
,527,10470
,527,11128
,527,11129
,527,11352
,527,9927
,527,11508
,527,9951
,527,9961
,527,11622
,527,11870
,570,11477
,570,11478
,570,11479
,570,11481
,570,11482
,570,11483
,570,11485
,570,11631
,570,11807
,570,11859
,570,11869
,492,10463
,492,10539
,492,10541
,492,10447
,492,10631
,492,10666
,492,10966
,492,10825
,492,11281
,492,11427
,492,11551
,492,11847
,561,11410
,561,11429
,561,11390
,561,11572
,537,10470
,528,11103
,528,10822
,528,10580
,501,10546
,501,10632
,501,11122
,501,11352
,501,9961
,607,11664
,607,11825
,607,11821
,607,11827
,553,9857
,534,11135
,534,11786
,573,11486
,573,11541
,573,9972
,573,9971
,558,11367
,558,11453
,558,11645
,550,11211
,550,11360
,550,11373
,578,11508
,578,11820
,568,11468
,532,11138
,532,11127
,532,11137
,532,11123
,532,11139
,532,11501
,532,11618
,532,11620
,532,11646
,532,11781
,532,11749
,532,11844
,532,12011
,497,10502
,497,10640
,497,11089
,497,11090
,497,11164
,497,11322
,497,11401
,497,9927
,497,11440
,497,11447
,497,11461
,497,11497
,497,11499
,497,11500
,497,11509
,497,11625
,497,11623
,497,11626
,497,11870
,576,11495
,576,11496
,576,11596
,576,11675
,505,10572
,505,11643
,505,11862
,495,10490
,495,10585
,495,10653
,495,11127
,495,10469
,495,11175
,495,11179
,495,11294
,495,10029
,495,11315
,495,11320
,495,11388
,495,11413
,495,11416
,495,11512
,495,11538
,495,11596
,495,11606
,495,11620
,495,11657
,495,11796
,495,11798
,495,11801
,495,11818
,498,10516
,498,11285
,498,11377
,498,11460
,512,10648
,512,10652
,512,10656
,512,10657
,512,10658
,512,10797
,512,11009
,512,11083
,512,11084
,512,11087
,512,11137
,512,10854
,512,10469
,512,11175
,512,11182
,512,11204
,512,10029
,512,11332
,512,11333
,512,11338
,512,11349
,512,11350
,512,11351
,512,11354
,512,11361
,512,11397
,512,11399
,512,11417
,512,11451
,512,11455
,512,11467
,512,11472
,512,11489
,512,10468
,512,11601
,512,11644
,512,11657
,512,11666
,512,11677
,512,11792
,512,11821
,533,11136
,533,11529
,539,11169
,539,10480
,539,10576
,539,11170
,539,11185
,539,11352
,539,11378
,539,11413
,539,11444
,539,11445
,539,11446
,539,11524
,539,11587
,539,11996
,645,11837
,525,11094
,525,11768
,525,11791
,651,11875
,500,10535
,500,11539
,490,10453
,490,10479
,490,10483
,490,10529
,490,10533
,490,10537
,490,10580
,490,10581
,490,10587
,490,10594
,490,10595
,490,10601
,490,10602
,490,10649
,490,10651
,490,10814
,490,10883
,490,10942
,490,10933
,490,11099
,490,11109
,490,11110
,490,11117
,490,10440
,490,11151
,490,11165
,490,11154
,490,11178
,490,11183
,490,11190
,490,11191
,490,11195
,490,11199
,490,11173
,490,11271
,490,11289
,490,11337
,490,11168
,490,11339
,490,11357
,490,11356
,490,11382
,490,11409
,490,11419
,490,11449
,490,11454
,490,11465
,490,11471
,490,11473
,490,11475
,490,11493
,490,11631
,490,11646
,490,11746
,490,11787
,490,11829
,490,11849
,490,11860
,490,11873
,650,11873
,556,11355
,556,11433
,556,11651
,564,11443
,232,8308
,232,8310
,233,8305
,233,8307
,233,8308
,499,10519
,499,11288
,50,1186
,50,235
,50,1946
,50,238
,50,2054
,50,1917
,50,1973
,50,2039
,50,276
,50,277
,50,279
,50,308
,50,309
,50,1152
,50,1162
,50,1219
,50,1281
,50,1282
,50,1283
,50,1286
,50,1287
,50,1288
,50,1289
,50,1291
,50,1292
,50,1293
,50,1294
,50,1295
,50,1296
,50,1297
,50,1310
,50,1311
,50,1325
,50,1326
,50,1327
,50,1328
,50,1329
,50,1330
,50,1331
,50,1332
,50,1333
,50,1334
,50,1335
,50,1336
,50,1339
,50,1340
,50,1341
,50,1342
,50,1343
,50,1344
,50,1345
,50,1346
,50,1347
,50,1348
,50,1349
,50,1353
,50,1354
,50,1362
,50,1363
,50,1364
,50,1370
,50,1371
,50,1372
,50,1373
,50,1374
,50,1375
,50,1376
,50,1377
,50,1379
,50,1380
,50,1384
,50,1399
,50,1400
,50,1401
,50,1402
,50,1403
,50,1404
,50,1405
,50,1406
,50,1408
,50,1409
,50,1412
,50,1232
,50,1234
,50,1245
,50,1270
,50,1271
,50,1272
,50,1280
,50,1314
,50,1315
,50,1316
,50,1318
,50,1385
,50,1386
,50,1387
,50,1388
,50,1389
,50,1390
,50,1391
,50,1396
,50,241
,50,236
,50,261
,50,268
,50,273
,50,278
,50,284
,50,1898
,50,1979
,50,1239
,50,1240
,50,1241
,50,1249
,50,1255
,50,1256
,50,1257
,50,1259
,50,1260
,50,1261
,50,1265
,50,1561
,50,1562
,50,1563
,50,1564
,50,1565
,50,1759
,50,1760
,50,1762
,50,1763
,50,1764
,50,1765
,50,1767
,50,1768
,50,1773
,50,1775
,50,1780
,50,1782
,50,1442
,50,1443
,50,1444
,50,1445
,50,1447
,50,1448
,50,1449
,50,1450
,50,1451
,50,1453
,50,1454
,50,1455
,50,1456
,50,1457
,50,1459
,50,1460
,50,1461
,50,1462
,50,1463
,50,1464
,50,1465
,50,1467
,50,1468
,50,1469
,50,1470
,50,1471
,50,1472
,50,1473
,50,1474
,50,1478
,50,1479
,50,1489
,50,1490
,50,1491
,50,1492
,50,1493
,50,1494
,50,1495
,50,1496
,50,1497
,50,1498
,50,1499
,50,291
,50,1229
,50,1237
,50,1238
,50,2173
,50,2174
,50,2175
,50,2176
,50,1415
,50,1416
,50,1417
,50,1418
,50,1419
,50,1420
,50,1421
,50,1422
,50,1424
,50,1425
,50,1426
,50,1427
,50,1428
,50,1429
,50,1431
,50,1432
,50,1433
,50,1434
,50,1435
,50,1436
,50,1437
,50,2066
,50,2067
,50,2068
,50,2069
,50,2070
,50,2071
,50,2072
,50,2073
,50,2074
,50,2075
,50,2088
,50,2089
,50,2090
,50,1578
,50,1579
,50,1586
,50,1587
,50,1589
,50,1590
,50,1591
,50,1592
,50,1593
,50,1594
,50,1595
,50,1596
,50,1597
,50,1598
,50,1609
,50,1610
,50,1620
,50,1621
,50,1622
,50,1623
,50,1624
,50,1625
,50,1639
,50,1640
,50,1641
,50,1644
,50,1645
,50,1646
,50,1647
,50,1648
,50,1650
,50,1651
,50,1652
,50,1653
,50,1654
,50,1655
,50,1656
,50,1657
,50,1658
,50,1660
,50,1661
,50,1662
,50,1663
,50,1664
,50,1665
,50,1666
,50,1668
,50,1669
,50,1670
,50,1671
,50,1672
,50,4253
,50,2734
,50,8406
,50,8428
,50,8952
,50,9871
,50,2398
,50,10458
,50,227
,50,11271
,562,11428
,562,11906
,464,9972
,464,9971
,464,10580
,464,10779
,464,10934
,464,11094
,464,11103
,464,10822
,464,11390
,647,11838
,306,6173
,306,8713
,306,8715
,306,9362
,246,9946
,246,9947
,246,10440
,246,10452
,246,10453
,246,10457
,266,8422
,250,8410
,255,8414
,257,8416
,253,8413
,489,10452
,489,11112
,258,8417
,258,11112
,526,11099
,249,8409
,249,11465
,247,8407
,247,3533
,247,10602
,247,10649
,247,10769
,247,10918
,247,10933
,247,11109
,247,11199
,247,11357
,247,11409
,247,11419
,247,5342
,247,11873
,559,11382
,259,8417
,261,8420
,261,5159
,507,10594
,507,11190
,252,8412
,252,9945
,252,11289
,252,11339
,252,11443
,268,8424
,268,5188
,268,11195
,536,11151
,536,11183
,536,10601
,536,10595
,256,8415
,569,11473
,265,8422
,263,8421
,248,8408
,248,5158
,509,10595
,509,10601
,509,11151
,514,10769
,514,10918
,514,11109
,514,11199
,264,8421
,260,8418
,260,5168
,260,10441
,260,10821
,271,8427
,270,8426
,262,8420
,267,8423
,566,2592
,269,8425
,269,10774
,269,11165
,269,11168
,269,11387
,339,8856
,307,6175
,307,6174
,307,8658
,323,8658
,127,3322
,127,7473
,127,4587
,127,5141
,127,2430
,127,10649
,127,10651
,127,227
,127,310
,127,11110
,127,11746
,90,3462
,90,3463
,90,3464
,90,3465
,90,3466
,90,3467
,90,3468
,90,3477
,90,3478
,90,3479
,90,3480
,90,3481
,90,3482
,90,3483
,90,3484
,90,3485
,90,3447
,90,3458
,90,8310
,128,3332
,254,8413
,254,8414
,254,8415
,254,8416
,254,8417
,254,8418
,254,8420
,254,8421
,254,8422
,254,8423
,254,8424
,254,8425
,254,8426
,254,8427
,493,10465
,213,8187
,213,8188
,213,8204
,213,10520
,213,10521
,213,10664
,213,11396
,213,11398
,213,11402
,213,11407
,213,11459
,524,308
,290,5339
,290,5340
,290,5341
,290,2904
,290,2908
,290,2907
,290,6299
,162,9917
,163,7473
,163,493
,305,2052
,305,2043
,305,1193
,305,10835
,577,11505
,577,11507
,477,2629
,225,7246
,63,587
,63,114
,63,1580
,63,5214
,63,5211
,63,5210
,63,57
,63,8312
,63,8320
,63,8322
,63,8323
,63,8324
,63,8325
,63,8326
,63,8327
,63,8328
,63,8329
,63,8331
,63,8332
,63,183
,63,4587
,63,5141
,63,7295
,63,7292
,63,7293
,63,7294
,362,9354
,362,9355
,362,9356
,362,7294
,419,8470
,419,9872
,419,9782
,419,9803
,419,10005
,419,10174
,419,10442
,419,10443
,419,10444
,419,10485
,419,10535
,419,10639
,419,10877
,419,10882
,419,10755
,419,11114
,419,11115
,419,10816
,419,11200
,419,10099
,419,11132
,419,9849
,419,11539
,419,11818
,419,11895
,101,5348
,49,1946
,49,114
,49,8864
,49,8908
,49,491
,49,8952
,49,9076
,49,310
,580,11511
,520,10890
,522,10965
,565,11450
,189,7996
,189,8657
,238,8370
,238,8371
,238,8374
,238,8375
,59,7652
,59,7655
,59,8474
,122,7164
,122,7172
,122,7246
,122,7165
,122,7158
,122,7217
,122,7166
,122,7173
,122,7180
,122,7181
,122,7194
,122,7195
,122,7174
,122,7915
,122,8291
,122,8293
,81,6288
,81,6785
,81,7656
,81,413
,81,5815
,81,8678
,81,8687
,81,8714
,81,7244
,81,7695
,81,7702
,81,2762
,81,6329
,329,8685
,329,8709
,82,6261
,82,7668
,82,6292
,82,8709
,82,8966
,82,8967
,82,8441
,82,8468
,82,6321
,82,2581
,328,8677
,328,8709
,330,8684
,83,6261
,156,7704
,156,6182
,156,8686
,164,7915
,164,5966
,164,5967
,164,6743
,164,6791
,164,5970
,164,5971
,164,7225
,64,263
,64,6288
,64,7104
,64,7183
,64,7218
,64,264
,64,7105
,64,7106
,64,7107
,64,7108
,64,7109
,64,7128
,64,7129
,64,7130
,64,7131
,64,7132
,64,7133
,64,7134
,64,7135
,64,7136
,64,7137
,64,7138
,64,7139
,64,7140
,64,7141
,64,7142
,64,7143
,64,7144
,64,7145
,64,7146
,64,7147
,64,7149
,64,7150
,64,7151
,64,7152
,64,7153
,64,7159
,64,7160
,64,7161
,64,7162
,64,7163
,64,7167
,64,7168
,64,7169
,64,7170
,64,7171
,64,7175
,64,7176
,64,7177
,64,7178
,64,7179
,64,7184
,64,7185
,64,7186
,64,7187
,64,7188
,64,7189
,64,7190
,64,7191
,64,7192
,64,7193
,64,265
,64,2118
,64,2119
,64,2120
,64,2121
,64,2122
,64,2123
,64,2124
,64,2125
,64,2143
,64,2144
,64,2152
,64,2153
,64,2154
,64,2155
,64,2156
,64,7110
,64,7148
,64,7196
,64,7197
,64,7198
,64,7199
,64,7200
,64,7201
,64,7202
,64,7203
,64,7204
,64,7205
,64,7214
,64,7215
,64,7216
,64,7299
,64,266
,64,7182
,64,7206
,64,7207
,64,7208
,64,7209
,64,7210
,64,7211
,64,7212
,64,7213
,64,7247
,64,7480
,64,6183
,64,8660
,64,8671
,64,6298
,64,7243
,64,7244
,64,7245
,64,7248
,64,7695
,64,8963
,64,8564
,73,490
,73,503
,73,270
,73,482
,73,275
,73,434
,73,306
,73,307
,73,334
,73,357
,151,5547
,151,7624
,89,2348
,89,10543
,89,10568
,89,10584
,89,10597
,89,3047
,89,3023
,89,10603
,89,10617
,89,10629
,89,10643
,89,10654
,89,10667
,89,10679
,96,6774
,96,6775
,96,6776
,96,6777
,96,6778
,96,6779
,96,6780
,96,6781
,96,6782
,96,6783
,96,6784
,96,6785
,96,6967
,96,6986
,96,10432
,96,10431
,96,10430
,96,10435
,96,10460
,96,10488
,96,10511
,96,10523
,96,10543
,96,10554
,96,11673
,96,11695
,96,11713
,96,11725
,96,11747
,96,11752
,96,11754
,96,11757
,96,11777
,96,11822
,96,11852
,96,11661
,523,10961
,523,10971
,523,10982
,523,10989
,523,10995
,523,11012
,523,11016
,523,11027
,523,11032
,523,11036
,523,11038
,523,11042
,523,11047
,523,11050
,523,11053
,523,11061
,523,11063
,523,11067
,523,11073
,523,11107
,523,11160
,523,11166
,523,11174
,523,11188
,523,11206
,523,11452
,523,11462
,523,11470
,523,11480
,523,11515
,523,11569
,523,11570
,523,11571
,523,11573
,523,11604
,523,11673
,523,11695
,523,11713
,523,11725
,523,11747
,523,11752
,523,11754
,523,11757
,523,11777
,523,11822
,523,11852
,523,11661
,166,719
,166,720
,166,733
,166,750
,166,763
,166,808
,166,855
,166,869
,166,911
,166,929
,166,8248
,166,10745
,166,10760
,166,10782
,166,10804
,166,10837
,166,10818
,166,10853
,166,10867
,166,10875
,166,10924
,166,10689
,166,10961
,166,10971
,166,10982
,166,10989
,166,10995
,166,11012
,166,11016
,166,11027
,166,11032
,166,11036
,166,11038
,166,11042
,166,11047
,166,11050
,166,11053
,166,11061
,166,11063
,166,11067
,166,11073
,166,11107
,166,11160
,166,11166
,166,11174
,166,11188
,166,11452
,124,3736
,124,3737
,124,3738
,124,3739
,124,3740
,124,3741
,124,3742
,124,3743
,124,3744
,124,3745
,124,3746
,124,3747
,124,3748
,124,3801
,124,3802
,124,3803
,124,3804
,124,3805
,124,3806
,124,3807
,124,3808
,124,3809
,124,3810
,124,3811
,124,3812
,124,3813
,124,3814
,124,3815
,124,3816
,124,3817
,124,3818
,124,3819
,124,3820
,124,3821
,124,3822
,124,3823
,124,3824
,124,3825
,124,3826
,124,3827
,541,11180
,515,10804
,333,8708
,121,544
,121,9385
,121,9386
,121,9387
,402,3174
,424,8480
,424,8481
,424,8483
,424,11958
,424,11966
,424,11975
,424,12025
,424,12072
,657,11898
,657,11942
,657,12088
,657,12092
,660,11907
,658,11900
,658,11907
,546,11526
,546,11711
,546,11769
,546,11778
,546,11780
,546,11783
,546,11785
,546,11845
,546,12006
,546,12007
,546,12009
,546,12010
,546,12012
,546,12013
,546,12018
,546,12024
,546,12026
,546,12032
,546,12037
,546,12039
,546,12048
,546,12049
,546,12054
,546,12063
,546,12069
,546,12075
,546,12077
,546,12079
,546,12081
,546,12088
,546,12090
,546,12091
,546,12092
,617,11715
,617,11717
,617,11718
,617,11719
,620,11722
,620,11723
,620,11724
,620,11726
,547,11253
,547,11257
,476,9884
,476,10625
,476,10663
,476,10693
,476,10795
,476,10786
,476,10968
,476,9844
,618,11720
,618,11721
,673,12044
,678,12066
,678,12069
,681,12077
,672,12041
,672,12044
,669,11997
,679,12073
,680,12073
,426,8482
,422,8476
,422,8477
,485,10372
,485,10378
,485,5958
,304,6163
,119,507
,119,8052
,119,8157
,119,6171
,119,6172
,119,6176
,119,9426
,119,8454
,119,8461
,119,6332
,119,9846
,119,9864
,119,10367
,119,10638
,119,11176
,119,9905
,119,9829
,119,11428
,119,11591
,119,11893
,119,11894
,119,11895
,119,11900
,119,11902
,119,11904
,119,11909
,119,11925
,119,11929
,119,11930
,119,11968
,142,7670
,142,8055
,142,8448
,142,7447
,150,7691
,150,7692
,150,6170
,150,8816
,150,8819
,150,8826
,150,8970
,150,8971
,150,9186
,150,9355
,150,8441
,150,8444
,150,8445
,150,8446
,150,2158
,150,9864
,150,9905
,150,9101
,150,11658
,150,11707
,150,11708
,150,11761
,370,8446
,152,7694
,152,7696
,152,8054
,152,8055
,152,8056
,152,8073
,152,8159
,152,8161
,152,8294
,152,8340
,152,8398
,152,8399
,152,8400
,152,8401
,152,8972
,152,9247
,152,9355
,152,8446
,152,8449
,152,2891
,152,7943
,152,8460
,152,8462
,152,8517
,152,8496
,152,8499
,152,8500
,152,8501
,152,8502
,152,8503
,152,8504
,152,8506
,152,8507
,152,8508
,152,8509
,152,8510
,152,8511
,152,8512
,152,8513
,152,8514
,152,8515
,152,8516
,152,8518
,152,8519
,152,9505
,229,8296
,229,7228
,229,7229
,229,7231
,229,8463
,229,8465
,229,7230
,229,2581
,428,2550
,429,6316
,429,6317
,429,6325
,343,9289
,343,7229
,343,7231
,343,8462
,343,8464
,343,8465
,344,8978
,344,2669
,344,2694
,344,2541
,344,2522
,344,2520
,331,8688
,417,2524
,417,10568
,193,8051
,193,8052
,193,8053
,193,8054
,193,8055
,193,8056
,193,6185
,193,6186
,193,8466
,193,8467
,193,8297
,139,7669
,139,2158
,139,5729
,139,8560
,139,8561
,423,8478
,423,8479
,423,11901
,585,11544
,585,11981
,228,8295
,228,7229
,136,7667
,136,7668
,136,8560
,136,8561
,582,9103
,582,11708
,155,7703
,155,7706
,155,7707
,155,8679
,155,8681
,155,8682
,155,8683
,141,7670
,141,8494
,141,10863
,141,10898
,141,10901
,141,7321
,141,11691
,141,11709
,141,11711
,141,11810
,141,11846
,141,12006
,141,12107
,361,9267
,361,9338
,361,9339
,361,9340
,361,9341
,361,9342
,361,9343
,361,9345
,361,9346
,361,9347
,361,9348
,361,9349
,361,9350
,361,9351
,361,9352
,361,9704
,361,9792
,361,9956
,361,10716
,361,11414
,361,11596
,361,11601
,361,11680
,361,11840
,361,11947
,361,12097
,665,11947
,665,12097
,663,11944
,664,10951
,664,11601
,664,11962
,664,11964
,664,11968
,353,9222
,353,1183
,194,8376
,194,10096
,380,9081
,380,9082
,380,9083
,504,10557
,504,11432
,354,9227
,244,8395
,405,2604
,405,2602
,405,10600
,405,10613
,376,2750
,403,3174
,403,3175
,403,10850
,352,9220
,352,9219
,352,3174
,352,8502
,352,10174
,442,9813
,442,9814
,442,9815
,442,9880
,442,9925
,442,9797
,442,9983
,442,10017
,442,10035
,442,10036
,442,10103
,442,10105
,442,10144
,442,9835
,442,10217
,442,10250
,442,10285
,442,10288
,442,10295
,442,10298
,442,10299
,442,10307
,442,10330
,442,10331
,442,10332
,442,10333
,442,10334
,442,10335
,442,10555
,442,10556
,442,10614
,442,10615
,442,10616
,442,10618
,442,10619
,442,10665
,442,10668
,442,10669
,442,10775
,442,10777
,442,10907
,442,10908
,442,10910
,442,10911
,442,10913
,442,10914
,442,10915
,442,10919
,442,11172
,442,11192
,442,11196
,442,11201
,442,11219
,442,11223
,442,11232
,442,11239
,442,11258
,442,11286
,442,11301
,442,11302
,442,11303
,442,11394
,442,9909
,442,11680
,442,9972
,442,11791
,442,11808
,443,9836
,443,11902
,443,11904
,443,11905
,443,12090
,465,9973
,465,9840
,465,10210
,465,11522
,465,11805
,470,10025
,470,10091
,470,9837
,470,10884
,470,10887
,470,11213
,470,11244
,470,11276
,470,11523
,407,2774
,407,9781
,407,9784
,407,9789
,407,9793
,407,9794
,407,9819
,407,9820
,407,9825
,407,9826
,407,9843
,407,9853
,407,9854
,407,9861
,407,9862
,407,9865
,407,9890
,407,9893
,407,9776
,407,9897
,407,9921
,407,9923
,407,9779
,407,9933
,407,9774
,407,9785
,407,9939
,407,9797
,407,9963
,407,9975
,407,9976
,407,9981
,407,9777
,407,9992
,407,9994
,407,10000
,407,10002
,407,10006
,407,10008
,407,10009
,407,10013
,407,10019
,407,10031
,407,9775
,407,10034
,407,10033
,407,10037
,407,10042
,407,10043
,407,9778
,407,10046
,407,10049
,407,10050
,407,10052
,407,10053
,407,10054
,407,9780
,407,10059
,407,10061
,407,10062
,407,10073
,407,10077
,407,10080
,407,10082
,407,10083
,407,10084
,407,10086
,407,10087
,407,10088
,407,10108
,407,10109
,407,10110
,407,10111
,407,10114
,407,10112
,407,10115
,407,10117
,407,10116
,407,10118
,407,10121
,407,10122
,407,10123
,407,10129
,407,10131
,407,10132
,407,10133
,407,10136
,407,10137
,407,10005
,407,10141
,407,10145
,407,10146
,407,10147
,407,10148
,407,10149
,407,10150
,407,10151
,407,10152
,407,10153
,407,10154
,407,10155
,407,9827
,407,9831
,407,10157
,407,10158
,407,10159
,407,9839
,407,9840
,407,10156
,407,10161
,407,10162
,407,10167
,407,10160
,407,10169
,407,10170
,407,10171
,407,10168
,407,10177
,407,10187
,407,10188
,407,10189
,407,10190
,407,10191
,407,10192
,407,10193
,407,10210
,407,10216
,407,10194
,407,10222
,407,10223
,407,10224
,407,10227
,407,10228
,407,10229
,407,10230
,407,10231
,407,10232
,407,10234
,407,10235
,407,10237
,407,10238
,407,10236
,407,10241
,407,10242
,407,10243
,407,10244
,407,10245
,407,10246
,407,10247
,407,10248
,407,10184
,407,10251
,407,10265
,407,10266
,407,10267
,407,10268
,407,10269
,407,10270
,407,10271
,407,10272
,407,10273
,407,10276
,407,10282
,407,10283
,407,10284
,407,10287
,407,10345
,407,10296
,407,10352
,407,10354
,407,10355
,407,10360
,407,10361
,407,10363
,407,10365
,407,10366
,407,10373
,407,10422
,407,10423
,407,10445
,407,10455
,407,10477
,407,10489
,407,10497
,407,10512
,407,10513
,407,10517
,407,10518
,407,10524
,407,10525
,407,10530
,407,10531
,407,10547
,407,10565
,407,10447
,407,10626
,407,10374
,407,10697
,407,10746
,407,10771
,407,10772
,407,10794
,407,10796
,407,10798
,407,10802
,407,10803
,407,10805
,407,10806
,407,10808
,407,10809
,407,10811
,407,10812
,407,10800
,407,10813
,407,10819
,407,10865
,407,10952
,407,10953
,407,11128
,407,11189
,407,11202
,407,11214
,407,11220
,407,9804
,407,11235
,407,11236
,407,11237
,407,11240
,407,11241
,407,11265
,407,11283
,407,11287
,407,11291
,407,11300
,407,11320
,407,11321
,407,11330
,407,11331
,407,11346
,407,11416
,407,10101
,407,11424
,407,11559
,407,11621
,407,11664
,407,11677
,407,11691
,407,11690
,407,11796
,407,11806
,407,11813
,407,11818
,407,11847
,407,11861
,407,11863
,407,12011
,407,12108
,407,12111
,609,11667
,609,12011
,560,9825
,560,11818
,484,10355
,484,10360
,484,10799
,484,10801
,484,10810
,484,11193
,484,11197
,484,10117
,484,10170
,685,12101
,584,11542
,473,10099
,487,10451
,487,10946
,487,10880
,487,11191
,487,11911
,457,9901
,457,10324
,496,10491
,496,10868
,496,11420
,154,7701
,154,7707
,154,8022
,154,7589
,154,7583
,154,2479
,154,7534
,154,7535
,154,7536
,154,7538
,154,7548
,154,7554
,154,7568
,154,7574
,154,7578
,154,6042
,154,8851
,154,8867
,154,8872
,154,8888
,154,8930
,154,8953
,154,7697
,154,9230
,154,8484
,154,6316
,154,6317
,154,6318
,154,6320
,154,6321
,154,6322
,503,10557
,503,11432
,469,10001
,469,10219
,469,10239
,469,10240
,469,10564
,469,10630
,469,10633
,469,10634
,469,10637
,469,10644
,469,10881
,480,6329
,480,11924
,468,9999
,468,10085
,468,10089
,468,10090
,468,10957
,468,10024
,445,9841
,445,9842
,445,9970
,445,10081
,445,10085
,445,10089
,445,10090
,445,10221
,445,10627
,445,10676
,445,10677
,445,10791
,445,10957
,445,11537
,445,11658
,555,11131
,555,11705
,555,11801
,243,8392
,237,8361
,517,10872
,517,10659
,601,10096
,601,11801
,641,11797
,599,11638
,642,11798
,600,11640
,598,11637
,583,11538
,511,10636
,511,11175
,219,8231
,219,8360
,219,8393
,219,8394
,502,10552
,502,10559
,502,10560
,502,10620
,502,10684
,502,10788
,502,10888
,502,11431
,483,10341
,483,10552
,483,10560
,483,10620
,483,11938
,241,8389
,488,10451
,488,10912
,488,10946
,488,10880
,488,11911
,479,10315
,479,11263
,171,2823
,171,2831
,171,2838
,171,2854
,171,9795
,171,9796
,171,9800
,171,9802
,171,9806
,171,9812
,171,9816
,171,9817
,171,9818
,171,9821
,171,9822
,171,9823
,171,9824
,171,9828
,171,9829
,171,9847
,171,9848
,171,9863
,171,9870
,171,9873
,171,9877
,171,9878
,171,9879
,171,9886
,171,9887
,171,9888
,171,9891
,171,9895
,171,9909
,171,9912
,171,9913
,171,9918
,171,9926
,171,9929
,171,9931
,171,9935
,171,9936
,171,9781
,171,9944
,171,9952
,171,9958
,171,9966
,171,9967
,171,9982
,171,9983
,171,9984
,171,9985
,171,9986
,171,9987
,171,9801
,171,9988
,171,9989
,171,9990
,171,9991
,171,9997
,171,9998
,171,10002
,171,10011
,171,10012
,171,10016
,171,10041
,171,10045
,171,10047
,171,10048
,171,10051
,171,10056
,171,10057
,171,10055
,171,10060
,171,10063
,171,10064
,171,10066
,171,10067
,171,10065
,171,10068
,171,10069
,171,10070
,171,10072
,171,10074
,171,10075
,171,10078
,171,10079
,171,10094
,171,10119
,171,10120
,171,10126
,171,10127
,171,10128
,171,10133
,171,9904
,171,10105
,171,10005
,171,9831
,171,9833
,171,9839
,171,9840
,171,10163
,171,10164
,171,10172
,171,10165
,171,10175
,171,10173
,171,10178
,171,10176
,171,10180
,171,10181
,171,10182
,171,10179
,171,10185
,171,10183
,171,10196
,171,10197
,171,10198
,171,10199
,171,10200
,171,10201
,171,10202
,171,10203
,171,10204
,171,10205
,171,10206
,171,10207
,171,10208
,171,10209
,171,10210
,171,10216
,171,10219
,171,10221
,171,10237
,171,10238
,171,10239
,171,10249
,171,10252
,171,10253
,171,10254
,171,10255
,171,10256
,171,10257
,171,10258
,171,10259
,171,10260
,171,10261
,171,10262
,171,10277
,171,10300
,171,10345
,171,10280
,171,10381
,171,10382
,171,10387
,171,10388
,171,10390
,171,10393
,171,10394
,171,10398
,171,10403
,171,10404
,171,10406
,171,10410
,171,10424
,171,10425
,171,10427
,171,10429
,171,10433
,171,10454
,171,10549
,171,10548
,171,10591
,171,10605
,171,10607
,171,10608
,171,10609
,171,10610
,171,10611
,171,10612
,171,10411
,171,10656
,171,10661
,171,10662
,171,10673
,171,10674
,171,10676
,171,10699
,171,10701
,171,10702
,171,10704
,171,10705
,171,10707
,171,10708
,171,10709
,171,10710
,171,10712
,171,10715
,171,10716
,171,10719
,171,10720
,171,10721
,171,10724
,171,10725
,171,10727
,171,10728
,171,10729
,171,10730
,171,10731
,171,10732
,171,10733
,171,10734
,171,10735
,171,10736
,171,10737
,171,10738
,171,10739
,171,10742
,171,10771
,171,10772
,171,10785
,171,10787
,171,10790
,171,10820
,171,10823
,171,10824
,171,10826
,171,10829
,171,10832
,171,10833
,171,10836
,171,10838
,171,10840
,171,10842
,171,10843
,171,10845
,171,10846
,171,10848
,171,10850
,171,10857
,171,10929
,171,10930
,171,10931
,171,10932
,171,10945
,171,10947
,171,10952
,171,10953
,171,10957
,171,10958
,171,10959
,171,10966
,171,11008
,171,10970
,171,11161
,171,11163
,171,11167
,171,11177
,171,11187
,171,11203
,171,11205
,171,11207
,171,11209
,171,11210
,171,11212
,171,11216
,171,11221
,171,11229
,171,11230
,171,11231
,171,9841
,171,11233
,171,11234
,171,11235
,171,11237
,171,11242
,171,11243
,171,11246
,171,11247
,171,11248
,171,11249
,171,11250
,171,11254
,171,11260
,171,11266
,171,11267
,171,11268
,171,11269
,171,11270
,171,11275
,171,11278
,171,11279
,171,11282
,171,11292
,171,11293
,171,11294
,171,11296
,171,11297
,171,11298
,171,11308
,171,11309
,171,11310
,171,11313
,171,11314
,171,11317
,171,11319
,171,11323
,171,11324
,171,11325
,171,11326
,171,11327
,171,11411
,171,11436
,171,11457
,171,11458
,171,11615
,171,11617
,171,11634
,171,11650
,171,11655
,171,11678
,171,11773
,171,11813
,171,11815
,171,11821
,171,11825
,171,11826
,171,11827
,171,11833
,171,11863
,171,11874
,171,12018
,399,2525
,543,9841
,322,8651
,322,10015
,322,10119
,322,11615
,317,11399
,318,7315
,395,3461
,416,8460
,416,9851
,416,9852
,416,10000
,416,10021
,416,10022
,416,10023
,416,10024
,416,10071
,416,10098
,416,10130
,416,10134
,416,10135
,416,10138
,416,10005
,416,10155
,416,10308
,416,10312
,416,10310
,416,10309
,416,10313
,416,10314
,416,10316
,416,10317
,416,10318
,416,10347
,416,10553
,416,10591
,416,10592
,416,10596
,416,10598
,416,10599
,416,10600
,416,10605
,416,10606
,416,10746
,416,10781
,416,10892
,416,10893
,416,10895
,416,10896
,416,11111
,416,11186
,416,11215
,416,11318
,416,11430
,416,11614
,416,11795
,456,9901
,456,9910
,456,10105
,456,10005
,456,10140
,456,9839
,456,10218
,456,10221
,456,10319
,456,10320
,456,10321
,456,10322
,456,10323
,456,10324
,456,10325
,456,10326
,456,10327
,456,10328
,456,10329
,456,10437
,456,10446
,456,10532
,456,10538
,456,10544
,456,10558
,456,10783
,456,10897
,456,10899
,456,10900
,456,10902
,456,10903
,456,10905
,456,10906
,456,11222
,456,11435
,195,8056
,195,8389
,418,8466
,474,9833
,474,11442
,440,9799
,440,9790
,440,10029
,440,10104
,440,10140
,440,9833
,440,10221
,440,10461
,440,10746
,440,10763
,440,10765
,440,10766
,440,10767
,440,10768
,440,10770
,440,11525
,482,10340
,482,10962
,482,10964
,320,7305
,320,7343
,320,8650
,320,8657
,320,8974
,320,8975
,320,8976
,235,8348
,235,7628
,235,9788
,454,9896
,454,11555
,454,11654
,454,11660
,454,11707
,454,11708
,454,11755
,604,11654
,604,11722
,613,11707
,613,11708
,613,11748
,613,11855
,475,10174
,475,9849
,471,10030
,471,10097
,471,10105
,471,10275
,471,10792
,471,10876
,471,11264
,471,11432
,471,11448
,471,11610
,471,11631
,471,11816
,471,12086
,471,12087
,211,8182
,211,8184
,211,8232
,211,8287
,211,8298
,211,2694
,211,8472
,211,8482
,211,9811
,211,9919
,211,9932
,211,9941
,211,9957
,211,10006
,211,10018
,211,10040
,211,10102
,211,10262
,211,10278
,211,10338
,211,10339
,211,10551
,211,10681
,211,10682
,211,10789
,211,10861
,211,10873
,211,10900
,211,10902
,211,10906
,211,11004
,211,11130
,211,9862
,211,11425
,211,11534
,211,11535
,211,11537
,211,11543
,211,11630
,211,11682
,211,11687
,211,11712
,211,11781
,211,11801
,231,8298
,611,11696
,627,11735
,626,11735
,595,11627
,595,11629
,455,9900
,455,9983
,455,9790
,455,10105
,455,10773
,455,10954
,455,10956
,455,11327
,455,9845
,455,11527
,455,11653
,455,11674
,60,7654
,60,7656
,60,881
,60,8190
,60,8191
,60,8193
,60,8199
,60,8234
,60,8241
,60,8377
,60,8384
,60,8647
,60,7332
,60,7305
,60,7343
,60,8650
,60,8657
,60,8758
,60,9230
,60,9231
,60,9232
,60,9234
,60,9353
,60,9411
,60,9434
,60,9721
,60,7609
,60,8010
,60,2521
,60,10030
,276,528
,276,529
,276,530
,625,5342
,62,200
,62,483
,62,202
,62,207
,62,199
,62,209
,62,189
,62,190
,62,191
,62,192
,62,193
,62,194
,62,195
,62,196
,62,346
,62,349
,62,350
,62,188
,62,328
,62,329
,62,330
,62,331
,62,332
,62,333
,62,335
,62,337
,62,338
,62,339
,62,340
,62,341
,62,342
,62,343
,62,344
,62,345
,62,347
,62,348
,62,351
,62,352
,62,353
,62,354
,62,355
,62,356
,62,358
,62,359
,62,360
,62,361
,62,362
,62,363
,62,364
,62,365
,62,366
,62,367
,62,368
,62,369
,62,370
,62,371
,62,372
,62,373
,62,374
,62,375
,62,376
,62,377
,62,378
,62,379
,62,380
,62,381
,62,382
,62,383
,62,384
,62,385
,62,386
,62,387
,62,388
,62,389
,62,390
,62,391
,62,392
,62,393
,62,394
,62,395
,62,396
,62,397
,62,184
,62,208
,62,198
,62,197
,62,187
,62,185
,62,172
,62,486
,62,182
,62,201
,62,9730
,62,9731
,62,9732
,62,9734
,62,7821
,62,9747
,62,9748
,62,7796
,62,9749
,62,9754
,62,9761
,62,9746
,62,211
,621,2789
,315,8647
,315,9424
,315,9233
,315,5436
,606,11654
,77,526
,77,527
,77,528
,77,529
,77,530
,77,531
,77,532
,77,533
,77,534
,77,581
,77,593
,77,594
,77,597
,77,598
,77,599
,77,600
,77,601
,77,602
,77,603
,77,604
,77,608
,77,609
,77,610
,77,612
,77,613
,77,614
,77,615
,77,616
,77,617
,77,618
,77,619
,77,620
,77,622
,77,623
,77,624
,77,625
,77,626
,77,627
,77,628
,77,629
,77,630
,77,631
,77,634
,77,635
,77,636
,77,637
,77,638
,77,639
,77,640
,77,641
,77,642
,77,643
,77,646
,77,648
,77,651
,77,652
,77,654
,77,655
,77,657
,77,661
,77,665
,77,677
,77,680
,77,681
,77,684
,77,685
,77,694
,77,695
,77,699
,77,700
,77,706
,77,707
,77,710
,77,711
,77,712
,77,716
,77,717
,77,718
,77,722
,77,740
,77,741
,77,742
,77,743
,77,745
,77,746
,77,751
,77,752
,77,754
,77,755
,77,764
,77,794
,77,795
,77,799
,77,800
,77,805
,77,806
,77,807
,77,810
,77,811
,77,812
,77,813
,77,816
,77,817
,77,821
,77,822
,77,829
,77,830
,77,831
,77,835
,77,841
,77,849
,77,854
,77,862
,77,863
,77,864
,77,870
,77,871
,77,872
,77,873
,77,874
,77,876
,77,877
,77,878
,77,879
,77,882
,77,883
,77,884
,77,885
,77,886
,77,887
,77,889
,77,890
,77,891
,77,892
,77,893
,77,913
,77,914
,77,915
,77,916
,77,920
,77,921
,77,922
,77,923
,77,924
,77,925
,77,926
,77,927
,77,928
,77,932
,77,933
,77,934
,77,935
,77,937
,77,938
,77,939
,77,940
,77,941
,77,942
,77,943
,77,947
,77,948
,77,949
,77,953
,77,954
,77,955
,77,956
,77,958
,77,959
,77,960
,77,961
,77,962
,77,963
,77,964
,77,149
,77,150
,77,155
,77,327
,77,498
,77,502
,77,504
,77,505
,77,506
,77,1214
,77,1218
,77,1235
,282,534
,67,202
,67,8241
,67,315
,129,9433
,130,5473
,130,5469
,605,11654
,316,7315
,131,7656
,415,2518
,415,2519
,415,2521
,415,2523
,132,7664
,319,7312
,319,8591
,319,9356
,368,9400
,158,2775
,158,2670
,158,8591
,346,9145
,346,9146
,346,2780
,346,9354
,346,9356
,346,2789
,346,2788
,346,2786
,439,9798
,439,9868
,439,9894
,439,10030
,439,10104
,439,10005
,439,10143
,439,9831
,439,10157
,439,9840
,439,10221
,439,10399
,439,10403
,439,10687
,439,10688
,439,10690
,439,10691
,439,10694
,439,10695
,439,10723
,439,10740
,439,10696
,439,10741
,439,10748
,439,10749
,439,10750
,439,10757
,439,10759
,439,10761
,439,10790
,439,10792
,439,10762
,439,10830
,439,10863
,439,10865
,439,10912
,439,10966
,439,10831
,439,10973
,439,10976
,439,10977
,439,10980
,439,10981
,439,10983
,439,10985
,439,10986
,439,10987
,439,10988
,439,10990
,439,10991
,439,10992
,439,10993
,439,10994
,439,10996
,439,10997
,439,10998
,439,10999
,439,11000
,439,11001
,439,11002
,439,11005
,439,11006
,439,11007
,439,11010
,439,11011
,439,11013
,439,11014
,439,11017
,439,11018
,439,11019
,439,11021
,439,11022
,439,11023
,439,11024
,439,11025
,439,11026
,439,11028
,439,11029
,439,11030
,439,11031
,439,11033
,439,11034
,439,11035
,439,11037
,439,11039
,439,11040
,439,11043
,439,11044
,439,11045
,439,11046
,439,11048
,439,11049
,439,11051
,439,11052
,439,11054
,439,11056
,439,11057
,439,11060
,439,11065
,439,11066
,439,11068
,439,11069
,439,11070
,439,11071
,439,11075
,439,11077
,439,11078
,439,11079
,439,11080
,439,11082
,439,11085
,439,11088
,439,11092
,439,11096
,439,11097
,439,11102
,439,11116
,439,11120
,439,11124
,439,11140
,439,11142
,439,11144
,439,11145
,439,11147
,439,11148
,439,11149
,439,11150
,439,11152
,439,11153
,439,11156
,439,11157
,439,11158
,439,11159
,439,11245
,439,11295
,439,11631
,216,8195
,216,8200
,644,11814
,467,9790
,472,10038
,472,10039
,472,10144
,472,10167
,472,10220
,472,10274
,472,10273
,472,10336
,472,10337
,472,10413
,472,10414
,472,10678
,472,10680
,472,10778
,472,10780
,472,10920
,472,10921
,472,10922
,472,10923
,472,10925
,472,10926
,472,10927
,472,11196
,529,10879
,458,9901
,458,9910
,458,9982
,458,9998
,458,10006
,458,10007
,458,10092
,458,10105
,458,10005
,458,10140
,458,9839
,458,9840
,458,10221
,458,10319
,458,10320
,458,10321
,458,10322
,458,10323
,458,10324
,458,10325
,458,10326
,458,10327
,458,10328
,458,10329
,458,10342
,458,10437
,458,10446
,458,10532
,458,10538
,458,10544
,458,10558
,458,10577
,458,10661
,458,10660
,458,10662
,458,10783
,458,10785
,458,10897
,458,10899
,458,10900
,458,10902
,458,10903
,458,10905
,458,10906
,458,10929
,458,10930
,458,10931
,458,10932
,458,10937
,458,10939
,458,10940
,458,10943
,458,11119
,458,11222
,458,11238
,458,11239
,458,11260
,458,11435
,458,10536
,458,11553
,458,11655
,458,11807
,519,10889
,519,10890
,461,9955
,461,9974
,461,10105
,461,10005
,461,9839
,461,10434
,461,10436
,461,10551
,461,10673
,461,10674
,461,10675
,461,10945
,461,10947
,461,10948
,461,11129
,461,11223
,461,9982
,461,11425
,461,11518
,446,9855
,446,9856
,466,9983
,466,10139
,466,9809
,466,9810
,466,9969
,466,9940
,466,9922
,466,9904
,466,10093
,466,10095
,466,10140
,466,9831
,466,9836
,466,9837
,466,9838
,466,9835
,466,9839
,466,9840
,466,10210
,466,10211
,466,10195
,466,10225
,466,10226
,466,10263
,466,9866
,466,9867
,466,9889
,466,9883
,466,10264
,466,10286
,466,10292
,466,10293
,466,10294
,466,10297
,466,10302
,466,10303
,466,10305
,466,10306
,466,10301
,466,10462
,466,10496
,466,10623
,466,10648
,466,10683
,466,10751
,466,10752
,466,10756
,466,10852
,466,10854
,466,10856
,466,10857
,466,10861
,466,10862
,466,10864
,466,10870
,466,10871
,466,10966
,466,11039
,466,11224
,466,11225
,466,11226
,466,11227
,466,11299
,466,10149
,466,11415
,466,9899
,61,7693
,61,7699
,61,7700
,61,7702
,61,7703
,61,7704
,61,7705
,61,7728
,61,7729
,61,7730
,61,7731
,61,5570
,61,5571
,61,8021
,61,8022
,61,8023
,61,8024
,61,8037
,61,8039
,61,8084
,61,8155
,61,8157
,61,8163
,61,8165
,61,8168
,61,8169
,61,8170
,61,8171
,61,8172
,61,8173
,61,8174
,61,8182
,61,8185
,61,8205
,61,8210
,61,8211
,61,8213
,61,8215
,61,8217
,61,8219
,61,8225
,61,8249
,61,8255
,61,8292
,61,8309
,61,8350
,61,8351
,61,8381
,61,8391
,61,8396
,61,8735
,61,8962
,61,8963
,61,8966
,61,8967
,61,8970
,61,8971
,61,9295
,61,9399
,61,9431
,61,6046
,61,8457
,61,8461
,61,6315
,61,8484
,61,6316
,61,6317
,61,6318
,61,6320
,61,6321
,61,6322
,61,6328
,61,6326
,61,6327
,61,8521
,61,6325
,61,10004
,61,10210
,61,6329
,61,10545
,61,10549
,61,10550
,61,10787
,61,10959
,61,10960
,61,10975
,61,11327
,61,11553
,61,11556
,61,11559
,61,11634
,134,7672
,134,7669
,134,7673
,134,8154
,134,8402
,134,8968
,134,8520
,134,6324
,435,8544
,435,8547
,435,8554
,149,7689
,135,2747
,135,7689
,135,8519
,245,8404
,245,9397
,245,8521
,245,8542
,245,8545
,245,8549
,245,8553
,245,8555
,245,8556
,245,8557
,245,8508
,245,8510
,431,8521
,431,8522
,431,8525
,431,8526
,431,8527
,431,8528
,431,8529
,431,8530
,431,8531
,431,8533
,431,8535
,431,8536
,431,8540
,431,8541
,431,11062
,432,8523
,432,8534
,432,8538
,432,8539
,432,11055
,432,11059
,432,11064
,434,8532
,434,8537
,434,8543
,434,8550
,433,8524
,394,9471
,441,8552
,438,8548
,436,8546
,140,7669
,140,2742
,140,2158
,146,7675
,369,8443
,369,5729
,191,8023
,191,8174
,191,8391
,191,6038
,191,6042
,191,8965
,191,8447
,191,6319
,191,5729
,191,8458
,191,6322
,191,6324
,191,7728
,481,7729
,481,7731
,410,7447
,410,8458
,410,8494
,410,6322
,410,8520
,410,8536
,410,8537
,410,8542
,410,8565
,410,11059
,410,7728
,437,9787
,437,9783
,84,7630
,84,7629
,84,7593
,84,7631
,84,7632
,84,7634
,84,7635
,84,7643
,84,7862
,84,5576
,84,8017
,84,8025
,84,8087
,84,8342
,84,8352
,84,8370
,84,8373
,84,8374
,84,8375
,84,6027
,84,6030
,84,6057
,84,6106
,84,6108
,84,6107
,84,6109
,84,6118
,84,6119
,84,6127
,84,6128
,84,6129
,84,6132
,84,6135
,84,6136
,84,6137
,84,6138
,84,6139
,84,6140
,84,6141
,84,6142
,84,6149
,84,6160
,84,6178
,84,6181
,84,8959
,84,9221
,84,9239
,84,9240
,84,9384
,84,6291
,84,2762
,84,2769
,84,2495
,84,9435
,293,6120
,293,6121
,99,8285
,99,6056
,99,868
,99,6164
,99,6179
,99,6307
,99,8486
,99,12067
,78,544
,78,536
,78,8356
,78,9370
,78,6229
,85,7635
,85,545
,85,8363
,85,8690
,71,545
,71,7634
,71,7406
,71,8362
,294,6123
,294,6124
,294,6131
,294,6134
,294,8485
,70,545
,70,7624
,70,8129
,70,8142
,70,8143
,70,8158
,70,8285
,70,6150
,70,6180
,70,8691
,70,9270
,70,9412
,70,9413
,70,9689
,70,2997
,70,7852
,70,2315
,70,3060
,70,2518
,70,9915
,70,9978
,326,8681
,326,7705
,326,9229
,326,9382
,326,6152
,326,8489
,326,277
,326,12065
,356,9241
,327,8673
,327,8672
,203,8158
,203,8363
,203,8690
,203,2997
,203,12064
,205,8164
,205,8175
,205,6147
,205,7706
,300,6149
,185,5573
,185,8162
,185,8166
,185,8196
,185,6032
,185,7620
,185,7623
,185,6134
,185,8716
,185,9278
,185,9383
,185,9699
,185,6006
,185,10624
,185,11376
,393,6229
,303,6157
,303,6159
,227,8288
,227,8358
,227,6032
,227,6187
,227,9278
,227,9333
,227,9334
,227,9335
,227,9336
,227,9337
,227,9338
,227,9339
,227,9340
,227,9341
,227,9342
,227,9343
,227,9345
,227,9348
,227,9349
,227,9353
,227,9355
,227,9356
,227,9364
,227,9368
,227,9369
,227,9371
,227,9373
,227,9376
,227,9383
,227,9391
,227,9392
,227,9393
,301,6152
,301,6162
,301,6181
,301,8673
,301,8682
,301,8689
,301,9344
,301,9377
,301,9384
,301,9420
,301,9436
,301,6088
,301,6291
,301,2762
,301,8488
,301,8489
,301,8495
,301,9892
,301,277
,301,12065
,184,5572
,184,8039
,184,8162
,184,6137
,184,8828
,184,9218
,184,11406
,299,6148
,299,6164
,299,6201
,299,8688
,299,7245
,299,7248
,299,7695
,299,7702
,299,9253
,299,8674
,299,6307
,299,10376
,299,10377
,299,10378
,299,12021
,218,8212
,218,8214
,218,8289
,218,6142
,218,6154
,217,8203
,217,8214
,217,8216
,217,8218
,217,8220
,217,8221
,217,8223
,217,8289
,217,8365
,217,6031
,217,6143
,217,6154
,217,9699
,217,9703
,217,9705
,217,9708
,217,793
,217,11957
,217,12096
,217,12097
,217,12098
,217,12099
,217,12101
,217,12108
,217,12112
,285,6100
,285,6166
,285,6167
,214,8189
,214,8287
,214,8366
,214,8367
,214,530
,214,8888
,214,8909
,214,9381
,214,9696
,214,9698
,214,9699
,214,9701
,214,9708
,214,9097
,186,5574
,186,9705
,186,9835
,186,11536
,187,5575
,187,7623
,187,10519
,187,11288
,183,5569
,183,8287
,183,2396
,183,12038
,202,7318
,202,8194
,202,7217
,202,9226
,385,6006
,385,6088
,118,5396
,118,5397
,118,7951
,118,6104
,118,8867
,118,9226
,118,9253
,118,8667
,118,12045
,118,12050
,182,5558
,302,6156
,287,6105
,287,6151
,287,6178
,287,6187
,287,10390
,98,5346
,98,5365
,98,507
,98,7249
,98,2682
,98,8180
,98,8285
,98,6055
,98,6068
,98,6074
,98,6176
,98,6177
,98,6187
,98,9226
,98,9244
,98,9245
,98,9246
,98,9247
,98,9404
,98,9411
,98,9419
,98,8445
,98,8485
,98,10753
,98,11707
,98,11708
,208,8167
,208,8175
,208,6056
,208,6069
,208,9224
,208,9249
,208,9250
,208,9251
,208,9252
,208,9274
,208,9412
,208,9425
,208,9432
,208,3144
,208,10743
,208,10753
,208,12038
,513,10753
,513,11707
,210,8181
,210,6058
,210,6059
,210,6060
,210,6061
,210,6069
,210,6070
,210,6089
,210,6091
,210,6092
,210,6093
,210,9224
,210,10743
,198,8088
,198,9190
,359,9264
,413,554
,325,8669
,325,9385
,325,9386
,325,9387
,72,824
,72,8364
,72,8373
,72,6105
,72,6169
,72,6190
,72,6189
,72,8656
,72,8658
,72,8659
,72,8679
,72,8790
,72,9217
,72,9222
,72,9223
,72,9226
,72,9388
,72,9389
,72,9390
,72,9421
,72,9475
,72,6333
,226,8285
,226,6156
,226,6164
,226,6203
,226,6165
,226,6166
,226,6167
,226,6168
,226,6180
,226,6182
,226,6183
,226,6184
,226,6190
,226,6189
,226,8656
,226,8658
,226,8660
,226,8661
,226,8668
,226,8671
,226,8672
,226,8678
,226,8686
,226,8690
,226,8691
,226,8709
,226,8714
,226,8734
,226,8743
,226,8752
,226,8764
,226,8840
,226,6326
,226,8562
,226,8563
,226,8564
,226,10364
,226,10369
,226,10377
,226,10378
,226,10568
,226,10629
,226,10643
,226,5958
,338,8840
,338,8850
,335,8764
,335,8786
,335,8845
,335,8847
,366,9377
,366,10465
,366,10483
,366,10508
,366,10641
,366,10814
,366,11138
,366,11137
,366,11123
,366,11139
,366,11618
,366,11646
,153,7695
,153,6185
,153,8658
,153,8858
,153,9225
,153,9389
,153,9421
,153,9502
,153,9374
,153,9413
,153,8495
,590,11591
,590,5958
,109,8163
,109,8167
,109,8182
,109,8378
,109,8379
,109,8380
,109,8387
,109,6055
,109,10353
,109,10698
,109,10700
,109,10714
,112,5380
,112,5383
,112,536
,112,544
,112,7406
,112,7951
,112,8357
,112,9696
,112,9698
,112,9701
,112,11108
,215,8192
,215,8336
,215,8348
,215,8359
,215,9357
,215,9358
,215,9359
,215,9360
,215,9361
,215,9362
,215,7628
,215,8492
,215,8493
,215,6327
,215,10692
,215,10706
,671,12028
,236,8360
,236,10458
,117,5396
,117,11885
,117,12038
,117,12040
,117,12045
,117,12050
,117,12064
,117,12065
,117,12067
,579,11510
,120,536
,120,8828
,120,9225
,120,9273
,120,9274
,120,9275
,120,9276
,120,9277
,120,2450
,120,11404
,677,12064
,544,11243
,544,11256
,544,11255
,110,5373
,110,5377
,110,510
,110,8206
,110,9214
,110,9215
,110,9698
,110,8490
,110,8491
,110,6327
,110,9791
,110,9937
,110,9832
,110,10703
,110,10706
,110,9830
,207,8168
,207,8872
,207,7796
,207,5579
,207,10835
,207,11758
,207,11951
,207,12031
,240,8382
,240,8383
,240,8385
,240,9363
,240,9376
,240,9379
,240,9380
,240,7340
,113,5386
,113,7249
,113,7659
,113,8650
,113,9260
,113,9859
,113,7352
,113,7353
,113,7356
,113,11261
,113,11440
,113,11623
,278,531
,234,8336
,234,8337
,234,6327
,125,7406
,125,8365
,125,9703
,125,11957
,125,11973
,125,12096
,125,12097
,125,12098
,125,12099
,125,12101
,125,12108
,125,12112
,298,6144
,298,9215
,298,8490
,298,8491
,674,12057
,674,12058
,209,8174
,209,8647
,209,6319
,209,9424
,209,7728
,116,5395
,116,7249
,116,8354
,116,9504
,116,5845
,116,5014
,239,8381
,239,8382
,239,8383
,239,8388
,239,8390
,239,2395
,239,2398
,239,11905
,239,7340
,212,8184
,212,8185
,212,8190
,212,8191
,212,8193
,212,8195
,212,8199
,212,8200
,212,8205
,212,8210
,212,8211
,212,8213
,212,8215
,212,8219
,212,8222
,212,8224
,212,8225
,212,8231
,212,8232
,212,8234
,212,8241
,212,8250
,212,8255
,212,8284
,212,8309
,212,8360
,212,8361
,212,8376
,212,8377
,212,8381
,212,8384
,212,8389
,212,8391
,212,8392
,212,8393
,212,8394
,212,8395
,212,8396
,212,8397
,212,8758
,312,6184
,206,8165
,206,8169
,206,8170
,206,8171
,206,8172
,206,8217
,206,5786
,204,8162
,204,6075
,204,8645
,204,8646
,204,8649
,204,8653
,204,8669
,204,8822
,204,8825
,204,8831
,204,9292
,204,9187
,204,6015
,204,9908
,204,9786
,204,9993
,204,9996
,204,10124
,204,9827
,204,10162
,204,10191
,204,10216
,204,10343
,204,10344
,204,10346
,204,10400
,204,10401
,204,10402
,204,10405
,204,10407
,204,10408
,204,10409
,204,10412
,204,10416
,204,10566
,204,10567
,204,10784
,204,10839
,204,10841
,204,10849
,204,10851
,204,10865
,204,10885
,204,10886
,204,10938
,204,10855
,204,10972
,204,11228
,204,9804
,204,11259
,204,11284
,204,9875
,204,11405
,204,11437
,204,9889
,204,11476
,204,11520
,204,9102
,204,11558
,204,11593
,204,11594
,204,11603
,204,11611
,204,11613
,204,11614
,204,11615
,204,10390
,204,11680
,204,11712
,204,11743
,204,11830
,204,11835
,204,11810
,204,11864
,204,11858
,204,11865
,204,11878
,204,11886
,204,11888
,204,11912
,204,11916
,204,11927
,204,11936
,204,11939
,204,11940
,204,10050
,204,11985
,204,11994
,204,12021
,204,12024
,204,12026
,204,12072
,336,8784
,336,8788
,336,8811
,336,8817
,336,7472
,336,12106
,336,12102
,572,9100
,610,11679
,610,11681
,610,11683
,610,11691
,610,11693
,610,11696
,667,11962
,667,11964
,587,11565
,587,11682
,587,11681
,587,11687
,587,11683
,587,11688
,587,11692
,587,11694
,587,11697
,587,11698
,587,11700
,587,11702
,587,11704
,587,11705
,587,11706
,587,11944
,587,11955
,587,11969
,587,11970
,676,12059
,666,11954
,666,12023
,666,12053
,337,8829
,337,10569
,337,10967
,337,10955
,337,10984
,337,11015
,337,11020
,337,11076
,337,11081
,337,11091
,337,11105
,337,11113
,337,11340
,337,11405
,337,11985
,337,12095
,337,12111
,684,12095
,615,11710
,363,9371
,363,10975
,450,9881
,450,11864
,450,12091
,450,12093
,683,7340
,554,11341
,554,11476
,554,11701
,554,11912
,554,11916
,554,11918
,554,11947
,554,11957
,554,11973
,554,11974
,554,11980
,554,12096
,554,12098
,554,12099
,554,12101
,554,12108
,554,12112
,592,11615
,592,11858
,686,12111
,653,11612
,653,12089
,661,11909
,518,10874
,654,12074
,654,12107
,656,11896
,656,11898
,655,11980
,591,11597
,591,11793
,648,11841
,682,12082
,521,10950
,668,11987
,463,9962
,463,10010
,463,10100
,463,10101
,463,10834
,463,10828
,463,10847
,463,10859
,463,10860
,463,10866
,463,10891
,463,10894
,463,10898
,463,10901
,463,10904
,463,10909
,463,10916
,463,10928
,463,11146
,463,11155
,463,11162
,463,11208
,463,11253
,463,10203
,463,11257
,463,11344
,463,11345
,463,11336
,463,11353
,463,11364
,463,11411
,463,11369
,463,11434
,463,11439
,463,11469
,463,11484
,463,11487
,463,11490
,463,11494
,463,11498
,463,11502
,463,11506
,463,11514
,463,11521
,463,11526
,463,11536
,463,11540
,463,11554
,463,11555
,463,11624
,463,11628
,463,10161
,463,11642
,463,11647
,463,11652
,463,11660
,463,11668
,463,11672
,463,11710
,463,11715
,463,11717
,463,11719
,463,11720
,463,11721
,463,11722
,463,11723
,463,11724
,463,11726
,463,11728
,463,11729
,624,11731
,624,11732
,624,11734
,624,11733
,624,11735
,624,11736
,624,11740
,624,11741
,624,11755
,624,11758
,624,11761
,624,11769
,624,11783
,624,11785
,624,11788
,624,11793
,624,11799
,624,11811
,624,11823
,624,11824
,624,11831
,624,11834
,624,11843
,624,11853
,624,11856
,624,11867
,616,11712
,616,11710
,622,11728
,622,11729
,622,11730
,652,11876
,652,11887
,652,11889
,652,11899
,652,11903
,652,11910
,631,11748
,631,11753
,593,11624
,589,11594
,589,11595
,603,11652
,586,11252
,586,11560
,586,11568
,586,11574
,594,11624
,588,11576
,588,11588
,588,11589
,628,11741
,659,11897
,614,11709
,614,12027
,614,12029
,516,10841
,516,10844
,516,10851
,516,10855
,516,10858
,516,10869
,516,11345
,516,11597
,516,11599
,516,11602
,516,11609
,516,11628
,516,11632
,516,11639
,516,11649
,516,11718
,516,11726
,516,11761
,516,11762
,486,10391
,334,8740
,334,8785
,334,8787
,334,8790
,334,9191
,334,9192
,334,9193
,334,9194
,334,9195
,334,9225
,334,9245
,334,9382
,334,9388
,334,9389
,334,9390
,334,9421
,334,9475
,334,6326
,334,10358
,334,10369
,111,5374
,111,507
,111,803
,111,8442
,111,2694
,111,8469
,111,8471
,111,11755
,332,8689
,633,11758
,133,2747
,133,2794
,133,2804
,133,6065
,133,8442
,133,7230
,133,8479
,133,2402
,453,8558
,453,8559
,86,7652
,86,7654
,86,7655
,86,7658
,86,7660
,86,7663
,86,7664
,86,7665
,86,2451
,86,2450
,86,2569
,86,2570
,86,2573
,86,2575
,86,2582
,86,2583
,86,8333
,86,8334
,86,8335
,86,8336
,86,8337
,86,8339
,86,9136
,86,9135
,86,9137
,86,9138
,86,9140
,86,9141
,86,9142
,86,9143
,86,9144
,86,9148
,86,9149
,86,9150
,86,9151
,86,9152
,86,9153
,86,9154
,86,9155
,86,9242
,86,9381
,86,9725
,86,2578
,357,9243
,357,8469
,357,2624
,619,2624
,349,9154
,387,9190
,387,8562
,387,10543
,375,7222
,375,7223
,375,8956
,375,9397
,375,7221
,375,10106
,375,10107
,375,2396
,375,10718
,375,11125
,375,11126
,375,11141
,375,11665
,608,11665
,421,8475
,308,8662
,308,8663
,308,8666
,308,8671
,459,9934
,310,6182
,310,8752
,310,9132
,310,9482
,310,6315
,310,6333
,310,10358
,310,10359
,310,10362
,310,10372
,310,10376
,310,11591
,310,5958
,309,6182
,309,6183
,311,6183
,311,6184
,311,10629
,324,8662
,324,8664
,324,8665
,324,9497
,324,10886
,324,11877
,313,6190
,313,6189
,313,8661
,313,8663
,313,8686
,382,9751
,382,9752
,382,9753
,382,9755
,382,9756
,382,9757
,382,9758
,382,9768
,383,9753
,383,9755
,383,9756
,383,9757
,383,9758
,383,9102
,383,11619
,383,11762
,460,9938
,460,10445
,460,10466
,102,5351
,102,5353
,102,7261
,102,7922
,102,7924
,102,7932
,102,7947
,102,7949
,102,7593
,172,7949
,172,7964
,172,7960
,172,11737
,167,7927
,221,11760
,636,11763
,643,11800
,222,8251
,222,11321
,637,11763
,274,6072
,274,9374
,274,9382
,274,11321
,274,11760
,274,11776
,274,11790
,103,5349
,103,8183
,103,8214
,103,8216
,103,7972
,103,8235
,103,8251
,103,8289
,103,11756
,103,11760
,103,11790
,168,7932
,104,5350
,104,7261
,169,7947
,181,7970
,220,8242
,220,9313
,220,9314
,220,9318
,220,9808
,220,10572
,220,11643
,675,12057
,675,12058
,108,5359
,108,5367
,108,5368
,108,8226
,108,7971
,108,9263
,630,11738
,106,5354
,106,5355
,106,5356
,106,5357
,106,5358
,106,7261
,106,8263
,165,7924
,165,7927
,165,8186
,175,7961
,175,8183
,175,7950
,178,7965
,177,7965
,365,9374
,365,10743
,640,11790
,640,11794
,640,11812
,176,7962
,176,7963
,176,7964
,176,11738
,176,11751
,105,5352
,105,7261
,105,7924
,105,7932
,105,8186
,92,8311
,93,7280
,93,7281
,93,7300
,93,6757
,79,546
,79,7873
,79,8303
,79,8311
,79,6077
,79,6080
,79,6101
,79,9676
,201,7291
,201,6083
,201,11760
,281,6082
,173,7949
,173,6067
,173,6083
,173,6084
,173,7293
,292,6116
,292,6117
,292,11779
,286,6103
,286,7293
,80,546
,80,5347
,80,7249
,80,8085
,80,8089
,80,8243
,80,8371
,80,8372
,80,6051
,80,6052
,80,6053
,80,6054
,80,6061
,80,6062
,80,6063
,80,6064
,80,6065
,80,6066
,80,6067
,80,6070
,80,6071
,80,6072
,80,6073
,80,6074
,80,6076
,80,6078
,80,6079
,80,6081
,80,6085
,80,6086
,80,6087
,80,6088
,80,6089
,80,6090
,80,6092
,80,6098
,80,6099
,80,6111
,80,6113
,80,6114
,80,6115
,80,6116
,80,6117
,80,6123
,80,6124
,80,6125
,80,6132
,80,6133
,80,6135
,80,8673
,80,9276
,80,9415
,80,9416
,80,9417
,80,9418
,80,3144
,80,10546
,80,11996
,80,11999
,462,9960
,462,10522
,462,11277
,462,11280
,478,5138
,632,11756
,401,6114
,401,7292
,277,6076
,277,6079
,277,6113
,283,6083
,296,6131
,296,6132
,296,9417
,634,11760
,634,11779
,638,11763
,638,11776
,629,11739
,295,6123
,295,6126
,639,11776
,107,5359
,107,7659
,107,7970
,360,9265
,360,2463
,360,11510
,360,11805
,404,3119
,367,9378
,358,9261
,161,7900
,161,9687
,174,7951
,174,8166
,400,6114
,138,5587
,138,5586
,114,5394
,114,544
,114,7685
,114,7690
,114,7892
,114,7970
,114,8368
,114,8369
,114,9236
,114,9237
,114,9255
,114,9256
,114,9259
,114,9262
,114,8487
,114,10523
,115,5393
,115,8402
,115,6154
,115,9254
,115,9394
,115,9423
,115,9697
,115,9705
,115,693
,115,2791
,126,7659
,126,7662
,126,7666
,126,7671
,126,7970
,126,8160
,126,8201
,126,8355
,126,9260
,126,8487
,126,7352
,126,7357
,126,7354
,126,11306
,126,11313
,126,11342
,126,11362
,126,11385
,126,11411
,535,11143
,355,9228
,348,9153
,348,9228
,144,475
,144,8201
,144,9971
,144,10500
,144,10934
,144,11390
,144,9504
,160,7892
,160,7897
,160,7903
,297,6139
,612,5785
,612,5786
,612,5784
,192,8037
,192,9236
,157,7710
,157,7711
,157,7713
,157,7712
,157,7714
,157,7715
,157,7716
,157,7717
,157,7718
,157,7719
,157,7720
,157,7721
,157,7722
,157,7723
,157,7724
,157,7725
,157,7727
,157,7728
,157,7732
,157,7733
,157,7756
,157,2471
,157,7757
,157,7758
,157,7759
,157,7760
,157,7761
,157,7762
,157,7763
,157,7764
,157,7765
,157,7766
,157,7767
,157,7768
,157,7769
,157,7770
,157,7771
,157,7772
,157,7773
,157,7774
,157,7775
,157,7776
,157,7777
,157,7778
,157,7779
,157,7780
,157,7781
,157,7783
,157,7784
,157,7785
,157,7786
,157,7787
,157,7788
,157,7789
,157,7790
,157,3300
,157,7791
,157,7792
,157,7793
,157,7794
,157,7795
,157,7797
,157,7798
,157,7799
,157,7800
,157,7801
,157,7802
,157,7803
,157,7804
,157,7805
,157,7806
,157,7807
,157,7809
,157,7810
,157,7811
,157,7812
,157,7813
,157,7814
,157,7815
,157,7816
,157,7817
,157,7818
,157,7819
,157,7823
,157,7824
,157,7825
,157,7826
,157,7827
,157,7828
,157,7829
,157,7830
,157,7831
,157,7832
,157,7833
,157,7834
,157,7835
,157,7836
,157,7837
,157,7838
,157,7839
,157,7840
,157,7841
,157,7842
,157,7843
,157,7844
,157,7845
,157,7846
,157,7847
,157,7848
,157,7849
,157,7850
,157,7851
,157,7852
,157,7853
,157,7854
,157,7855
,157,7856
,157,7858
,157,7859
,157,7860
,157,7861
,157,7862
,157,7863
,157,7864
,157,7866
,157,7867
,157,7868
,157,7869
,157,7870
,157,7871
,157,7872
,157,7873
,157,7875
,157,7877
,157,7876
,157,7878
,157,7879
,157,7880
,157,7881
,157,7882
,157,7883
,157,7885
,157,7886
,157,7887
,157,7890
,157,7891
,157,7893
,157,7894
,157,7895
,157,7896
,157,7898
,157,7899
,157,7902
,157,7904
,157,7905
,157,7906
,157,7907
,157,7908
,157,7909
,157,7910
,157,7911
,157,7912
,157,6757
,157,7913
,157,7914
,157,7916
,157,7917
,157,7918
,157,7919
,157,7920
,157,7923
,157,7925
,157,7926
,157,7928
,157,7929
,157,7930
,157,7933
,157,7934
,157,7935
,157,7936
,157,7937
,157,7938
,157,7939
,157,7940
,157,7941
,157,7942
,157,7943
,157,7944
,157,7945
,157,7946
,157,2854
,157,7948
,157,7952
,157,7953
,157,7954
,157,7955
,157,7956
,157,7957
,157,7958
,157,7959
,157,7966
,157,7968
,157,7969
,157,7973
,157,7974
,157,7975
,157,7976
,157,7977
,157,7978
,157,7979
,157,7980
,157,7981
,157,7982
,157,7983
,157,7984
,157,7985
,157,7986
,157,7987
,157,7988
,157,7989
,157,7990
,157,7991
,157,7992
,157,7993
,157,7994
,157,7995
,157,7996
,157,7997
,157,7998
,157,7999
,157,8000
,157,8001
,157,8002
,157,8003
,157,8004
,157,8006
,157,8007
,157,8008
,157,8009
,157,8010
,157,7504
,157,8012
,157,8013
,157,8014
,157,8015
,157,8016
,157,8017
,157,8018
,157,8019
,157,8025
,157,8026
,157,8096
,157,8104
,157,8105
,157,8106
,157,8107
,157,8108
,157,8109
,157,8110
,157,8112
,157,8113
,157,8114
,157,8115
,157,8117
,157,8118
,157,8119
,157,8120
,157,8121
,157,8122
,157,8123
,157,8124
,157,8133
,157,8134
,157,8135
,157,8136
,157,8137
,157,8140
,157,8141
,157,8149
,157,8150
,157,8151
,157,8152
,157,6064
,157,6091
,157,6093
,157,6094
,157,6095
,157,6099
,157,8746
,157,8789
,157,8792
,157,8793
,157,8797
,157,8798
,157,8800
,157,8811
,157,8818
,157,7242
,157,8599
,157,8600
,157,8601
,157,8602
,157,8603
,157,8604
,157,8605
,157,8606
,157,8607
,157,8609
,157,8610
,157,8611
,157,8612
,157,8614
,157,8618
,157,8619
,157,8620
,157,8621
,157,8622
,157,8623
,157,8624
,157,8625
,157,8626
,157,8627
,157,8628
,157,8629
,157,8631
,157,8632
,157,8633
,157,8634
,157,8635
,157,9177
,157,9283
,157,9285
,157,9284
,157,9286
,157,9287
,157,9288
,157,9289
,157,9725
,157,9724
,157,9009
,157,8587
,157,7857
,157,10758
,157,10764
,284,6096
,284,6097
,284,6098
,284,8598
,284,7235
,284,7236
,284,7237
,284,7238
,284,7239
,284,7241
,284,7874
,284,7713
,350,9158
,350,9159
,350,7709
,350,9720
,340,8934
,340,8933
,340,8908
,340,9076
,340,9771
,538,7772
,190,7503
,190,6155
,190,2521
,190,2523
,190,10793
,190,10492
,548,11264
,548,11356
,548,11359
,548,11448
,548,11610
,574,11491
,575,11492